# synthetic linked-interface pattern; columns: 2theta intensity sigma
1.800000000000000000e+01 4.519999999999999574e+00 2.126029162546929641e+00
1.807999999999999829e+01 4.521200000000000330e+00 2.126311360078763535e+00
1.816000000000000014e+01 4.522400000000000198e+00 2.126593520163174045e+00
1.823999999999999844e+01 4.523600000000000065e+00 2.126875642815066136e+00
1.832000000000000028e+01 4.524799999999999933e+00 2.127157728049332786e+00
1.839999999999999858e+01 4.525999999999999801e+00 2.127439775880858974e+00
1.848000000000000043e+01 4.527199999999999669e+00 2.127721786324518582e+00
1.855999999999999872e+01 4.528399999999999537e+00 2.128003759395175276e+00
1.864000000000000057e+01 4.529600000000000293e+00 2.128285695107684727e+00
1.871999999999999886e+01 4.530800000000000161e+00 2.128567593476890174e+00
1.880000000000000071e+01 4.532000000000000028e+00 2.128849454517627304e+00
1.887999999999999901e+01 4.533199999999999896e+00 2.129131278244721148e+00
1.896000000000000085e+01 4.534399999999999764e+00 2.129413064672986522e+00
1.903999999999999915e+01 4.535600001011088622e+00 2.129694814054607477e+00
1.912000000000000099e+01 4.536944497252862085e+00 2.130010445338910152e+00
1.919999999999999929e+01 5.131822020999032397e+00 2.265352515834794467e+00
1.928000000000000114e+01 7.471371651619126908e+01 8.643709650155496860e+00
1.935999999999999943e+01 2.430077808550284146e+02 1.558870683716351202e+01
1.944000000000000128e+01 2.784423091814083051e+01 5.276763299423315345e+00
1.951999999999999957e+01 4.608279801413795340e+00 2.146690429804399169e+00
1.960000000000000142e+01 4.544005290980645206e+00 2.131667256159048396e+00
1.967999999999999972e+01 4.545200000012294517e+00 2.131947466522638113e+00
1.976000000000000156e+01 4.546400000000000219e+00 2.132228880772418567e+00
1.983999999999999986e+01 4.547600000000000087e+00 2.132510257888575733e+00
1.992000000000000171e+01 4.548799999999999955e+00 2.132791597882925050e+00
2.000000000000000000e+01 4.549999999999999822e+00 2.133072900770154323e+00
2.007999999999999829e+01 4.551199999999999690e+00 2.133354166564942478e+00
2.016000000000000014e+01 4.552400000000000446e+00 2.133635395281958669e+00
2.024000000000000199e+01 4.553600000000000314e+00 2.133916586935862281e+00
2.032000000000000028e+01 4.554800000000000182e+00 2.134197741541303373e+00
2.039999999999999858e+01 4.556000000000007155e+00 2.134478859112923566e+00
2.048000000000000043e+01 4.557200018550704002e+00 2.134759944010263588e+00
2.055999999999999872e+01 4.559721892363067575e+00 2.135350531496659876e+00
2.064000000000000057e+01 7.268283157035527076e+00 2.695975362839120315e+00
2.071999999999999886e+01 1.641658921055333451e+02 1.281272383630948930e+01
2.080000000000000071e+01 2.749962549118980064e+02 1.658301103273763033e+01
2.087999999999999901e+01 1.773979148064049127e+01 4.211863183988826087e+00
2.096000000000000085e+01 4.582861665761232217e+00 2.140761935797914184e+00
2.103999999999999915e+01 4.565600743815302565e+00 2.136726642276756571e+00
2.112000000000000099e+01 4.566800000000861282e+00 2.137007253146526065e+00
2.119999999999999929e+01 4.567999999999999616e+00 2.137288001182807484e+00
2.128000000000000114e+01 4.569200000000000372e+00 2.137568712345874644e+00
2.135999999999999943e+01 4.570400000000000240e+00 2.137849386650051198e+00
2.144000000000000128e+01 4.571600000000000108e+00 2.138130024109853089e+00
2.151999999999999957e+01 4.572799999999999976e+00 2.138410624739785604e+00
2.160000000000000142e+01 4.573999999999999844e+00 2.138691188554345590e+00
2.167999999999999972e+01 4.575199999999999712e+00 2.138971715568020127e+00
2.176000000000000156e+01 4.576399999999999579e+00 2.139252205795286521e+00
2.183999999999999986e+01 4.577600000007728376e+00 2.139532659252419311e+00
2.192000000000000171e+01 4.578802264282404444e+00 2.139813605032551358e+00
2.200000000000000000e+01 4.599076684644729518e+00 2.144545799148325216e+00
2.207999999999999829e+01 9.202898722070305126e+00 3.033627980169998573e+00
2.216000000000000014e+01 3.678024345617408386e+01 6.064671751725239091e+00
2.224000000000000199e+01 1.103387691893316180e+01 3.321728001949160625e+00
2.232000000000000028e+01 4.621958344550735731e+00 2.149874029926110541e+00
2.239999999999999858e+01 4.586006155463737244e+00 2.141496242224986357e+00
2.248000000000000043e+01 4.587200000029321600e+00 2.141774964843254025e+00
2.256000000000000227e+01 4.588400000000000034e+00 2.142055087993770535e+00
2.264000000000000057e+01 4.589599999999999902e+00 2.142335174523351871e+00
2.271999999999999886e+01 4.590799999999999770e+00 2.142615224439516464e+00
2.280000000000000071e+01 4.591999999999999638e+00 2.142895237756619498e+00
2.287999999999999901e+01 4.593200000000000394e+00 2.143175214489006830e+00
2.296000000000000085e+01 4.594400000000000261e+00 2.143455154651013661e+00
2.303999999999999915e+01 4.595600000000000129e+00 2.143735058256966752e+00
2.312000000000000099e+01 4.596799999999999997e+00 2.144014925321183540e+00
2.319999999999999929e+01 4.597999999999999865e+00 2.144294755857972135e+00
2.328000000000000114e+01 4.599199999999999733e+00 2.144574549881630876e+00
2.335999999999999943e+01 4.600400000384945898e+00 2.144854307496186330e+00
2.344000000000000128e+01 4.601683428900464001e+00 2.145153474439640995e+00
2.351999999999999957e+01 5.122747465742043538e+00 2.263348728265718091e+00
2.360000000000000142e+01 9.778531473934344831e+01 9.888645748500826116e+00
2.367999999999999972e+01 4.848079292723326716e+02 2.201835437248507787e+01
2.375999999999999801e+01 7.576818553688914903e+01 8.704492261866233704e+00
2.383999999999999986e+01 4.910846272471910190e+00 2.216042931098562985e+00
2.392000000000000171e+01 4.608837159557014118e+00 2.146820243885597002e+00
2.400000000000000000e+01 4.610000000829455047e+00 2.147091055551546557e+00
2.407999999999999829e+01 4.611309677459750844e+00 2.147396022502545243e+00
2.416000000000000014e+01 5.107605712595240099e+00 2.260001263848151254e+00
2.424000000000000199e+01 6.890906343060429151e+01 8.301148319997919245e+00
2.432000000000000028e+01 2.446646496045644312e+02 1.564175979883863477e+01
2.439999999999999858e+01 3.038861041418070030e+01 5.512586544824552348e+00
2.448000000000000043e+01 5.862160402636278356e+00 2.421189873313589924e+00
2.456000000000000227e+01 7.432479918243714678e+01 8.621183166041488377e+00
2.464000000000000057e+01 1.245138599976843921e+02 1.115857786627329951e+01
2.471999999999999886e+01 1.056257603987144478e+01 3.250011698420706363e+00
2.480000000000000071e+01 1.341444027482064527e+01 3.662572903686784453e+00
2.487999999999999901e+01 1.921461832923259010e+02 1.386168039208543767e+01
2.496000000000000085e+01 1.197422808231176958e+02 1.094268161024150920e+01
2.503999999999999915e+01 6.657758096127041725e+00 2.580263183500288271e+00
2.512000000000000099e+01 4.627831569800662237e+00 2.151239542635980495e+00
2.519999999999999929e+01 4.628000015057961214e+00 2.151278693023746857e+00
2.528000000000000114e+01 4.629200000000006199e+00 2.151557575339318351e+00
2.535999999999999943e+01 4.630399999999999849e+00 2.151836425010042575e+00
2.544000000000000128e+01 4.631599999999999717e+00 2.152115238550203813e+00
2.551999999999999957e+01 4.632799999999999585e+00 2.152394015973841057e+00
2.560000000000000142e+01 4.634000000000000341e+00 2.152672757294986638e+00
2.567999999999999972e+01 4.635200000000000209e+00 2.152951462527662230e+00
2.575999999999999801e+01 4.636400000000000077e+00 2.153230131685881954e+00
2.583999999999999986e+01 4.637599999999999945e+00 2.153508764783649720e+00
2.592000000000000171e+01 4.638799999999999812e+00 2.153787361834960556e+00
2.600000000000000000e+01 4.639999999999999680e+00 2.154065922853801496e+00
2.607999999999999829e+01 4.641199999999999548e+00 2.154344447854149358e+00
2.616000000000000014e+01 4.642400000000000304e+00 2.154622936849972525e+00
2.624000000000000199e+01 4.643600000000000172e+00 2.154901389855229610e+00
2.632000000000000028e+01 4.644800000000000040e+00 2.155179806883871230e+00
2.639999999999999858e+01 4.645999999999999908e+00 2.155458187949838234e+00
2.648000000000000043e+01 4.647199999999999775e+00 2.155736533067063032e+00
2.656000000000000227e+01 4.648399999999999643e+00 2.156014842249468266e+00
2.664000000000000057e+01 4.649600000000000399e+00 2.156293115510969027e+00
2.671999999999999886e+01 4.650800000000000267e+00 2.156571352865469304e+00
2.680000000000000071e+01 4.652000000000000135e+00 2.156849554326865981e+00
2.688000000000000256e+01 4.653200000000000003e+00 2.157127719909046171e+00
2.696000000000000085e+01 4.654399999999999871e+00 2.157405849625888106e+00
2.703999999999999915e+01 4.655599999999999739e+00 2.157683943491261136e+00
2.712000000000000099e+01 4.656800000000000495e+00 2.157962001519025730e+00
2.720000000000000284e+01 4.658000000000000362e+00 2.158240023723033474e+00
2.728000000000000114e+01 4.659200000000000230e+00 2.158518010117126629e+00
2.735999999999999943e+01 4.660400000000000098e+00 2.158795960715139017e+00
2.743999999999999773e+01 4.661599999999999966e+00 2.159073875530895137e+00
2.751999999999999957e+01 4.662799999999999834e+00 2.159351754578211491e+00
2.760000000000000142e+01 4.663999999999999702e+00 2.159629597870893924e+00
2.767999999999999972e+01 4.665200000000000458e+00 2.159907405422741622e+00
2.775999999999999801e+01 4.666400000000000325e+00 2.160185177247543553e+00
2.783999999999999986e+01 4.667600000000000193e+00 2.160462913359079362e+00
2.792000000000000171e+01 4.668800000000000061e+00 2.160740613771120699e+00
2.800000000000000000e+01 4.669999999999999929e+00 2.161018278497430778e+00
2.807999999999999829e+01 4.671199999999999797e+00 2.161295907551763040e+00
2.816000000000000014e+01 4.672399999999999665e+00 2.161573500947862492e+00
2.824000000000000199e+01 4.673600000000000421e+00 2.161851058699465700e+00
2.832000000000000028e+01 4.674800000000000288e+00 2.162128580820299018e+00
2.839999999999999858e+01 4.676000000000041901e+00 2.162406067324091019e+00
2.848000000000000043e+01 4.677200063022877607e+00 2.162683532795049768e+00
2.856000000000000227e+01 4.681164624400378393e+00 2.163599922444160661e+00
2.864000000000000057e+01 8.166989565844954058e+00 2.857794528276123902e+00
2.871999999999999886e+01 1.311810002760939824e+02 1.145342744666826640e+01
2.880000000000000071e+01 1.366316931372188890e+02 1.168895603282084750e+01
2.888000000000000256e+01 8.640982995424280944e+00 2.939554897501368558e+00
2.896000000000000085e+01 4.687813673604766862e+00 2.165135948065332716e+00
2.903999999999999915e+01 4.685600084675433763e+00 2.164624698342748399e+00
2.912000000000000099e+01 4.686802534619704197e+00 2.164902430739017003e+00
2.920000000000000284e+01 4.712297214752200425e+00 2.170782627245805063e+00
2.928000000000000114e+01 1.138691417792975713e+01 3.374450203800577253e+00
2.935999999999999943e+01 5.778167780810866816e+01 7.601426037797688551e+00
2.943999999999999773e+01 1.684661683362928741e+01 4.104463038404571940e+00
2.951999999999999957e+01 2.898463700987625913e+01 5.383738200347065295e+00
2.960000000000000142e+01 3.208348966312709081e+02 1.791186468883881844e+01
2.967999999999999972e+01 1.233944146631924923e+02 1.110830386076976595e+01
2.975999999999999801e+01 5.977967405165921733e+00 2.444988221886952307e+00
2.983999999999999986e+01 4.697997888587909898e+00 2.167486537118030299e+00
2.992000000000000171e+01 4.698800003552286775e+00 2.167671562657103035e+00
3.000000000000000000e+01 4.700000000000001066e+00 2.167948338867880409e+00
3.007999999999999829e+01 4.701200000000000045e+00 2.168225080567052210e+00
3.016000000000000014e+01 4.702399999999999913e+00 2.168501786948767940e+00
3.024000000000000199e+01 4.703599999999999781e+00 2.168778458026545231e+00
3.032000000000000028e+01 4.704799999999999649e+00 2.169055093813893720e+00
3.039999999999999858e+01 4.706000000000000405e+00 2.169331694324314164e+00
3.048000000000000043e+01 4.707200000000000273e+00 2.169608259571298881e+00
3.056000000000000227e+01 4.708400000000000141e+00 2.169884789568330863e+00
3.064000000000000057e+01 4.709600000000000009e+00 2.170161284328885998e+00
3.071999999999999886e+01 4.710799999999999876e+00 2.170437743866430402e+00
3.080000000000000071e+01 4.711999999999999744e+00 2.170714168194421756e+00
3.088000000000000256e+01 4.713200000000000500e+00 2.170990557326309744e+00
3.096000000000000085e+01 4.714400000000000368e+00 2.171266911275534728e+00
3.103999999999999915e+01 4.715600000000000236e+00 2.171543230055529072e+00
3.112000000000000099e+01 4.716800000000000104e+00 2.171819513679716263e+00
3.120000000000000284e+01 4.717999999999999972e+00 2.172095762161512233e+00
3.128000000000000114e+01 4.719200000000084216e+00 2.172371975514341802e+00
3.135999999999999943e+01 4.720400049177203350e+00 2.172648165068887582e+00
3.143999999999999773e+01 4.722425119199454180e+00 2.173114152362791707e+00
3.151999999999999957e+01 5.120903486477426547e+00 2.262941335182471647e+00
3.160000000000000142e+01 1.024733890195834007e+01 3.201146498046963718e+00
3.167999999999999972e+01 6.928805381368714933e+00 2.632262407391921855e+00
3.175999999999999801e+01 4.751680891177541000e+00 2.179835060544155212e+00
3.183999999999999986e+01 4.727608340217112293e+00 2.174306404400518922e+00
3.192000000000000171e+01 4.728800000083916544e+00 2.174580419318613345e+00
3.200000000000000000e+01 4.730001939280808365e+00 2.174856762934241683e+00
3.207999999999999829e+01 4.753745508208660375e+00 2.180308580960195197e+00
3.215999999999999659e+01 1.226952610471021643e+01 3.502788332844309238e+00
3.224000000000000199e+01 7.719020081766285557e+01 8.785795400398466626e+00
3.232000000000000028e+01 2.476459722002977770e+01 4.976404045094185769e+00
3.239999999999999858e+01 4.895221448792580254e+00 2.212514734141352690e+00
3.248000000000000398e+01 4.737236395946027301e+00 2.176519330478373426e+00
3.256000000000000227e+01 4.738400000239238352e+00 2.176786622579080177e+00
3.264000000000000057e+01 4.739600000000000257e+00 2.177062240727168696e+00
3.271999999999999886e+01 4.740800000000000125e+00 2.177337824041092773e+00
3.279999999999999716e+01 4.741999999999999993e+00 2.177613372479146214e+00
3.288000000000000256e+01 4.743199999999999861e+00 2.177888886054566431e+00
3.296000000000000085e+01 4.744399999999999729e+00 2.178164364780582840e+00
3.303999999999999915e+01 4.745599999999999596e+00 2.178439808670416422e+00
3.312000000000000455e+01 4.746800000000000352e+00 2.178715217737279275e+00
3.320000000000000284e+01 4.748000000000000220e+00 2.178990591994375947e+00
3.328000000000000114e+01 4.749200000000000976e+00 2.179265931454901661e+00
3.335999999999999943e+01 4.750400001932578498e+00 2.179541236575389451e+00
3.343999999999999773e+01 4.751830460942316314e+00 2.179869367861825946e+00
3.351999999999999602e+01 5.543085420397014573e+00 2.354375802712263432e+00
3.360000000000000142e+01 8.268262773933078336e+01 9.092998830932003784e+00
3.367999999999999972e+01 2.257268251495519849e+02 1.502420797079007286e+01
3.375999999999999801e+01 2.277422715751860949e+01 4.772235027481212200e+00
3.384000000000000341e+01 4.804425881392775821e+00 2.191900061908109709e+00
3.392000000000000171e+01 8.878660933750005313e+00 2.979708196073905135e+00
3.400000000000000000e+01 1.113511275738628825e+02 1.055230437268859767e+01
3.407999999999999829e+01 8.406359045160607479e+01 9.168619877146509722e+00
3.415999999999999659e+01 6.458993985697016882e+00 2.541455092205450850e+00
3.424000000000000199e+01 4.764643771076999990e+00 2.182806397983339419e+00
3.432000000000000028e+01 4.766008099690766109e+00 2.183118892706204850e+00
3.439999999999999858e+01 6.650039661966492766e+00 2.578767081759516522e+00
3.448000000000000398e+01 8.925818421103464573e+01 9.447654958297039940e+00
3.456000000000000227e+01 1.137258973359188019e+02 1.066423449366708098e+01
3.464000000000000057e+01 8.810055162310334254e+00 2.968173708243898368e+00
3.471999999999999886e+01 4.775108537589502156e+00 2.185202173161445049e+00
3.479999999999999716e+01 4.772000132116148485e+00 2.184490817585678979e+00
3.487999999999999545e+01 4.773200000001655674e+00 2.184765433633930165e+00
3.496000000000000085e+01 4.774400514731814482e+00 2.185040163185064888e+00
3.503999999999999915e+01 4.781231867742379293e+00 2.186602814354353441e+00
3.512000000000000455e+01 7.165574574851033773e+00 2.676859087597073028e+00
3.520000000000000284e+01 4.803655354696555690e+01 6.930840753253933784e+00
3.528000000000000114e+01 3.511030969347401509e+01 5.925395319594636057e+00
3.535999999999999943e+01 2.470679907459609126e+01 4.970593432840398229e+00
3.543999999999999773e+01 1.654034725084219914e+01 4.066982573215946140e+00
3.551999999999999602e+01 4.988949208556354264e+00 2.233595578558561279e+00
3.560000000000000142e+01 4.784108246355576632e+00 2.187260443192711623e+00
3.567999999999999972e+01 4.840020274573161529e+00 2.200004607852711125e+00
3.576000000000000512e+01 2.481107549799596512e+01 4.981071721828141285e+00
3.584000000000000341e+01 2.151248549488616106e+02 1.466713519910625330e+01
3.592000000000000171e+01 6.832091871025767205e+01 8.265646902103771509e+00
3.600000000000000000e+01 5.341819317977531512e+00 2.311237616078781976e+00
3.607999999999999829e+01 4.791437116038290256e+00 2.188935155740866279e+00
3.615999999999999659e+01 4.891679777332038626e+00 2.211714216921353948e+00
3.624000000000000199e+01 7.648141707930375510e+00 2.765527383326799704e+00
3.632000000000000028e+01 7.154943545689990358e+00 2.674872622329891314e+00
3.640000000000000568e+01 4.852113436304674288e+00 2.202751333288592850e+00
3.648000000000000398e+01 4.797238363810267359e+00 2.190259884993163819e+00
3.656000000000000227e+01 4.798400000760977058e+00 2.190525051388588107e+00
3.664000000000000057e+01 4.799602057370293551e+00 2.190799410573750716e+00
3.671999999999999886e+01 4.818837284600171245e+00 2.195185022862576663e+00
3.679999999999999716e+01 9.349327916010990336e+00 3.057667070825564881e+00
3.687999999999999545e+01 3.776931813210502753e+01 6.145674749944470605e+00
3.696000000000000085e+01 1.167675792449992578e+01 3.417127144912803338e+00
3.703999999999999915e+01 4.846797432619677437e+00 2.201544329015356904e+00
3.712000000000000455e+01 4.806807101677661009e+00 2.192443180946238357e+00
3.720000000000000284e+01 4.808000000035202781e+00 2.192715211794546537e+00
3.728000000000000114e+01 4.809199999999999697e+00 2.192988828060918216e+00
3.735999999999999943e+01 4.810399999999999565e+00 2.193262410200840229e+00
3.743999999999999773e+01 4.811600000000000321e+00 2.193535958219057669e+00
3.751999999999999602e+01 4.812800000000000189e+00 2.193809472128334104e+00
3.760000000000000142e+01 4.814000000000000057e+00 2.194082951941425552e+00
3.767999999999999972e+01 4.815199999999999925e+00 2.194356397671080039e+00
3.776000000000000512e+01 4.816399999999999793e+00 2.194629809330038039e+00
3.784000000000000341e+01 4.817599999999999660e+00 2.194903186931031591e+00
3.792000000000000171e+01 4.818800000000091899e+00 2.195176530486806055e+00
3.800000000000000000e+01 4.820000096123657762e+00 2.195449861901578092e+00
3.807999999999999829e+01 4.824113747054009416e+00 2.196386520413474486e+00
3.815999999999999659e+01 7.362201819373238365e+00 2.713337763599150243e+00
3.824000000000000199e+01 6.848471409758556661e+01 8.275549171963486828e+00
3.832000000000000028e+01 5.071025701874822289e+01 7.121113467622055992e+00
3.840000000000000568e+01 5.777047724417086805e+00 2.403548985233520785e+00
3.848000000000000398e+01 4.827766834117164230e+00 2.197217976013568830e+00
3.856000000000000227e+01 4.828400009714849617e+00 2.197362057039041972e+00
3.864000000000000057e+01 4.829600000000004556e+00 2.197635092548352098e+00
3.871999999999999886e+01 4.830799999999999983e+00 2.197908096349799667e+00
3.879999999999999716e+01 4.831999999999999851e+00 2.198181066245453952e+00
3.887999999999999545e+01 4.833200000001057539e+00 2.198454002248183770e+00
3.896000000000000085e+01 4.834400647412931740e+00 2.198727051594383752e+00
3.903999999999999915e+01 4.846994645945138735e+00 2.201589118329108086e+00
3.912000000000000455e+01 1.060943140816363339e+01 3.257212214173899056e+00
3.920000000000000284e+01 8.991067200765537848e+01 9.482123813136768220e+00
3.928000000000000114e+01 4.572481866604892531e+01 6.762012915253040823e+00
3.935999999999999943e+01 6.085071242801252112e+00 2.466793717115651319e+00
3.943999999999999773e+01 4.845112804297378339e+00 2.201161694264503144e+00
3.951999999999999602e+01 4.842800397874777119e+00 2.200636362026851867e+00
3.960000000000000142e+01 4.844000000001343231e+00 2.200908903158270924e+00
3.967999999999999972e+01 4.845200000000000173e+00 2.201181500921721046e+00
3.976000000000000512e+01 4.846400000000000041e+00 2.201454064930722154e+00
3.984000000000000341e+01 4.847599999999999909e+00 2.201726595197505354e+00
3.992000000000000171e+01 4.848800000000076160e+00 2.201999091734616609e+00
4.000000000000000000e+01 4.850000104528085387e+00 2.202271578286403297e+00
4.007999999999999829e+01 4.855331441625187594e+00 2.203481663555471481e+00
4.015999999999999659e+01 9.548060252802496706e+00 3.089993568407950253e+00
4.024000000000000199e+01 1.583217064789344022e+02 1.258259537929017213e+01
4.032000000000000028e+01 1.490882610357258500e+02 1.221017039339442789e+01
4.040000000000000568e+01 8.753988985990766025e+00 2.958714076417450212e+00
4.048000000000000398e+01 4.877502386583735472e+00 2.208506822851977525e+00
4.056000000000000227e+01 8.423750646915319606e+00 2.902369832897819801e+00
4.064000000000000057e+01 3.318711347369880116e+01 5.760825763178296199e+00
4.071999999999999886e+01 6.444515888989725738e+01 8.027774217670627266e+00
4.079999999999999716e+01 1.692375746238663581e+01 4.113849470068956293e+00
4.087999999999999545e+01 5.507275700115186190e+00 2.346758551729424713e+00
4.096000000000000085e+01 2.630204780287099098e+01 5.128552213136861049e+00
4.103999999999999915e+01 2.806427012589733039e+01 5.297572097281671333e+00
4.112000000000000455e+01 5.588704972600115894e+00 2.364044198529315910e+00
4.120000000000000284e+01 4.887865455593725983e+00 2.210851748895372282e+00
4.128000000000000114e+01 6.357239312929683805e+00 2.521356641359901563e+00
4.135999999999999943e+01 8.989676836550323458e+00 2.998278979106234310e+00
4.143999999999999773e+01 3.868085505685480996e+01 6.219393463743455364e+00
4.151999999999999602e+01 4.500433250252941519e+01 6.708526850399379349e+00
4.160000000000000142e+01 6.252427328709668330e+00 2.500485418615687294e+00
4.167999999999999972e+01 4.876561484287836201e+00 2.208293794830713974e+00
4.176000000000000512e+01 4.876400038669435055e+00 2.208257240148763678e+00
4.184000000000000341e+01 4.877600000000032132e+00 2.208528922156110852e+00
4.192000000000000171e+01 4.878800000000328652e+00 2.208800579500179495e+00
4.200000000000000000e+01 4.880000290669755714e+00 2.209072269227458918e+00
4.207999999999999829e+01 4.888589066877829126e+00 2.211015392727474715e+00
4.215999999999999659e+01 1.028379291494452019e+01 3.206835342661752630e+00
4.224000000000000199e+01 1.184234629627118380e+02 1.088225449815946178e+01
4.232000000000000028e+01 7.351533481324473485e+01 8.574108397567920647e+00
4.240000000000000568e+01 6.078924128584020536e+00 2.465547429798100598e+00
4.248000000000000398e+01 4.887796258639465208e+00 2.210836099451849002e+00
4.256000000000000227e+01 4.888400012301858943e+00 2.210972639428597564e+00
4.264000000000000057e+01 4.889847669356328197e+00 2.211299995332231649e+00
4.271999999999999886e+01 5.363462002489137959e+00 2.315914938526270284e+00
4.279999999999999716e+01 3.083128462643319523e+01 5.552592604039413793e+00
4.287999999999999545e+01 4.617502361873792438e+01 6.795220645331387921e+00
4.296000000000000085e+01 3.030040695437080345e+01 5.504580542999693904e+00
4.303999999999999915e+01 5.077527713103097540e+01 7.125677310335556847e+00
4.312000000000000455e+01 7.466953777270461501e+00 2.732572739611968782e+00
4.320000000000000284e+01 4.902140446734031265e+00 2.214077786965496841e+00
4.328000000000000114e+01 4.899200191805800131e+00 2.213413696489158422e+00
4.335999999999999943e+01 4.900400000544380852e+00 2.213684711187295928e+00
4.343999999999999773e+01 4.901613504660106813e+00 2.213958785673325824e+00
4.351999999999999602e+01 4.912438184178741452e+00 2.216402080891177295e+00
4.360000000000000142e+01 5.101803151323305308e+00 2.258717147259325486e+00
4.367999999999999972e+01 5.021934066249128747e+00 2.240967216683262375e+00
4.376000000000000512e+01 4.908381018099113646e+00 2.215486632344938034e+00
4.384000000000000341e+01 4.907600966731111569e+00 2.215310580196625967e+00
4.392000000000000171e+01 4.908800000013566311e+00 2.215581187863258084e+00
4.400000000000000000e+01 4.910000000000000142e+00 2.215851980616033945e+00
4.407999999999999829e+01 4.911200000000000010e+00 2.216122740283128056e+00
4.415999999999999659e+01 4.912399999999999878e+00 2.216393466873605611e+00
4.424000000000000199e+01 4.913599999999999746e+00 2.216664160399585803e+00
4.432000000000000028e+01 4.914800000000000502e+00 2.216934820873180279e+00
4.440000000000000568e+01 4.916000001403015851e+00 2.217205448622886710e+00
4.448000000000000398e+01 4.917309727473313075e+00 2.217500784097564459e+00
4.456000000000000227e+01 5.165171363710374663e+00 2.272701336231924607e+00
4.464000000000000057e+01 2.087841225439658643e+01 4.569290125872572439e+00
4.471999999999999886e+01 3.459867438003089291e+01 5.882063785783939736e+00
4.479999999999999716e+01 6.509131109750820876e+00 2.551299886283621809e+00
4.487999999999999545e+01 5.058737103681091973e+00 2.249163645376007548e+00
4.496000000000000085e+01 1.144928274234989196e+01 3.383678876954769876e+00
4.503999999999999915e+01 1.414255793739460998e+01 3.760659242392829338e+00
4.512000000000000455e+01 1.308227851331914771e+01 3.616943255474040164e+00
4.520000000000000284e+01 1.019467494742241627e+02 1.009686830033075999e+01
4.528000000000000114e+01 6.849617235989823882e+01 8.276241439198003036e+00
4.535999999999999943e+01 1.233451350157791282e+01 3.512052605183742404e+00
4.543999999999999773e+01 5.750415794969786276e+00 2.398002459333556491e+00
4.551999999999999602e+01 3.645199419408676533e+01 6.037548690825339293e+00
4.560000000000000142e+01 4.194970912990082468e+01 6.476859511360488320e+00
4.567999999999999972e+01 6.185239074103828116e+00 2.487014088038873361e+00
4.576000000000000512e+01 4.937613912896777535e+00 2.222074236585442453e+00
4.584000000000000341e+01 4.937600034004395511e+00 2.222071113624493055e+00
4.592000000000000171e+01 4.938812578747005411e+00 2.222343937995873375e+00
4.600000000000000000e+01 4.982883589912251665e+00 2.232237350711669066e+00
4.607999999999999829e+01 9.145283269063373410e+00 3.024116940375053186e+00
4.615999999999999659e+01 1.679402514610368513e+01 4.098051384024325117e+00
4.624000000000000199e+01 5.904468615547551202e+00 2.429911236145787967e+00
4.632000000000000028e+01 5.136961547747709744e+00 2.266486608773083056e+00
4.640000000000000568e+01 1.377831091764580584e+01 3.711914723918884107e+00
4.648000000000000398e+01 1.675856113743807896e+01 4.093722161729845155e+00
4.656000000000000227e+01 5.402605070009156130e+00 2.324350461959030056e+00
4.664000000000000057e+01 4.950102262124229213e+00 2.224882527713368585e+00
4.671999999999999886e+01 4.950800015971117851e+00 2.225039329084121498e+00
4.679999999999999716e+01 4.952000000000014168e+00 2.225308967312182862e+00
4.687999999999999545e+01 4.953199999999999825e+00 2.225578576460512270e+00
4.696000000000000085e+01 4.954399999999999693e+00 2.225848152952038195e+00
4.703999999999999915e+01 4.955599999999999561e+00 2.226117696798621370e+00
4.712000000000000455e+01 4.956800000000000317e+00 2.226387208012119423e+00
4.720000000000000284e+01 4.958000000000000185e+00 2.226656686604381097e+00
4.728000000000000114e+01 4.959200000000000053e+00 2.226926132587248475e+00
4.735999999999999943e+01 4.960399999999999920e+00 2.227195545972557866e+00
4.743999999999999773e+01 4.961600000000000676e+00 2.227464926772136700e+00
4.751999999999999602e+01 4.962800003244488778e+00 2.227734275726009461e+00
4.760000000000000142e+01 4.964258364149706892e+00 2.228061570996121787e+00
4.767999999999999972e+01 5.556822326181237948e+00 2.357291311268345790e+00
4.776000000000000512e+01 4.392320040651730295e+01 6.627458065240194429e+00
4.784000000000000341e+01 7.873227413861528134e+01 8.873120879296939378e+00
4.792000000000000171e+01 8.986180971832423481e+00 2.997695943859620904e+00
4.800000000000000000e+01 5.805965331842374511e+00 2.409557082088402247e+00
4.807999999999999829e+01 2.574493335046809150e+01 5.073946526173496174e+00
4.815999999999999659e+01 1.992947377622760996e+01 4.464243919884711254e+00
4.824000000000000199e+01 5.283330322922854094e+00 2.298549612891323868e+00
4.832000000000000028e+01 5.072588976421523732e+00 2.252240878862987739e+00
4.840000000000000568e+01 9.864819451231085168e+00 3.140831012842156156e+00
4.848000000000000398e+01 1.201868249630017971e+01 3.466797152459338616e+00
4.856000000000000227e+01 5.270042378806923722e+00 2.295657286880365966e+00
4.864000000000000057e+01 4.979947347023797377e+00 2.231579563229551866e+00
4.871999999999999886e+01 4.980800011896055146e+00 2.231770600195292165e+00
4.879999999999999716e+01 4.982000000000011752e+00 2.232039426175087105e+00
4.887999999999999545e+01 4.983200000000000074e+00 2.232308222445995582e+00
4.896000000000000085e+01 4.984399999999999942e+00 2.232576986354557924e+00
4.903999999999999915e+01 4.985599999999999810e+00 2.232845717912458117e+00
4.912000000000000455e+01 4.986800000000843447e+00 2.233114417131563556e+00
4.920000000000000284e+01 4.988000477407844357e+00 2.233383190902950233e+00
4.928000000000000114e+01 4.996965060185036833e+00 2.235389241314594155e+00
4.935999999999999943e+01 8.622238466696405368e+00 2.936364838826470702e+00
4.943999999999999773e+01 5.383823425761955406e+01 7.337454208212788487e+00
4.951999999999999602e+01 2.388441936712418112e+01 4.887168849868416487e+00
4.960000000000000142e+01 5.204136775649917723e+00 2.281257717937611229e+00
4.967999999999999972e+01 5.058663456315723117e+00 2.249147273149475712e+00
4.976000000000000512e+01 8.322193891959543066e+00 2.884821292898321676e+00
4.984000000000000341e+01 1.283105987201927078e+01 3.582046883001291704e+00
4.992000000000000171e+01 6.170733484613967335e+01 7.855401634935012645e+00
5.000000000000000000e+01 3.774244058431054327e+01 6.143487656397670804e+00
5.007999999999999829e+01 1.789427062001007585e+01 4.230162008719060118e+00
5.016000000000000369e+01 1.966881521723811233e+01 4.434953801026354725e+00
5.024000000000000199e+01 5.609210238090067691e+00 2.368377131727560592e+00
5.032000000000000028e+01 1.674490110371459650e+01 4.092053409196243052e+00
5.039999999999999858e+01 6.174993125341617173e+01 7.858112448509258385e+00
5.048000000000000398e+01 7.176423615222722674e+01 8.471377464865275542e+00
5.056000000000000227e+01 5.436905189026975904e+01 7.373537271233512769e+00
5.064000000000000057e+01 1.132199859565864308e+01 3.364817765594244392e+00
5.071999999999999886e+01 5.036071499596753931e+00 2.244119314919942987e+00
5.079999999999999716e+01 5.012002914140168741e+00 2.238750301873830839e+00
5.088000000000000256e+01 5.013276965172415167e+00 2.239034828932416232e+00
5.096000000000000085e+01 5.260751031800021238e+00 2.293632715105018871e+00
5.103999999999999915e+01 2.976405793870751637e+01 5.455644594244342116e+00
5.111999999999999744e+01 9.372988012700383820e+01 9.681419323993969428e+00
5.120000000000000284e+01 6.411884029407033836e+01 8.007424073575117873e+00
5.128000000000000114e+01 2.714628080668920518e+01 5.210209286265687467e+00
5.135999999999999943e+01 5.316576539603087959e+00 2.305770270344183359e+00
5.143999999999999773e+01 5.021714334366908616e+00 2.240918190020980916e+00
5.152000000000000313e+01 5.022801742314550566e+00 2.241160802422385245e+00
5.160000000000000142e+01 5.045284189030967426e+00 2.246171006186075569e+00
5.167999999999999972e+01 1.253906885115656245e+01 3.541054765342745103e+00
5.175999999999999801e+01 8.682316838982448814e+01 9.317895062181397847e+00
5.184000000000000341e+01 6.264738514601739894e+01 7.915010116608657498e+00
5.192000000000000171e+01 7.867328948721117854e+01 8.869796473832485262e+00
5.200000000000000000e+01 3.517095715113519105e+01 5.930510699015321130e+00
5.207999999999999829e+01 5.888907535347065014e+00 2.426707138355814308e+00
5.216000000000000369e+01 1.638224795671113299e+01 4.047498975504642438e+00
5.224000000000000199e+01 1.275929789205233078e+01 3.572015942300976299e+00
5.232000000000000028e+01 5.186022720617248893e+00 2.277284066737667256e+00
5.239999999999999858e+01 5.036085118298631258e+00 2.244122349226670643e+00
5.248000000000000398e+01 5.037206522153764965e+00 2.244372188865689122e+00
5.256000000000000227e+01 5.083823360605133956e+00 2.254733545367419545e+00
5.264000000000000057e+01 1.469605256598466170e+01 3.833543082578394934e+00
5.271999999999999886e+01 7.929412011819381689e+01 8.904724595302980106e+00
5.280000000000000426e+01 3.271977832836971345e+01 5.720120481980227822e+00
5.288000000000000256e+01 5.530249519952959325e+00 2.351648256001088289e+00
5.296000000000000085e+01 5.044701370511075034e+00 2.246041266431023420e+00
5.303999999999999915e+01 5.045600005639780505e+00 2.246241306191251841e+00
5.311999999999999744e+01 5.046800000000002839e+00 2.246508401942891364e+00
5.320000000000000284e+01 5.048000000001385601e+00 2.246775467197687171e+00
5.328000000000000114e+01 5.049200471569317727e+00 2.247042605641761615e+00
5.335999999999999943e+01 5.055013810075284830e+00 2.248335786771025191e+00
5.343999999999999773e+01 6.349676561345996895e+00 2.519856456496281538e+00
5.352000000000000313e+01 1.555468662479525577e+01 3.943943030115325765e+00
5.360000000000000142e+01 7.497209818191725716e+00 2.738103324966339791e+00
5.367999999999999972e+01 5.071544838244795628e+00 2.252009067087607175e+00
5.375999999999999801e+01 5.056406233795002869e+00 2.248645421980754122e+00
5.384000000000000341e+01 5.079409064472526936e+00 2.253754437482603734e+00
5.392000000000000171e+01 9.485865884217979271e+00 3.079913291672020215e+00
5.400000000000000000e+01 3.090228153148111190e+01 5.558982058927795400e+00
5.407999999999999829e+01 1.013389398659652763e+01 3.183377763727787357e+00
5.416000000000000369e+01 3.257108435113302392e+01 5.707108230192679876e+00
5.424000000000000199e+01 3.462216986041005384e+01 5.884060660837042711e+00
5.432000000000000028e+01 5.978816465414080739e+00 2.445161848511071767e+00
5.439999999999999858e+01 5.066812738973146324e+00 2.250958182413246522e+00
5.448000000000000398e+01 5.067200020781388758e+00 2.251044206758585187e+00
5.456000000000000227e+01 5.068400000000015559e+00 2.251310729330808336e+00
5.464000000000000057e+01 5.069600000151229580e+00 2.251577225002782345e+00
5.471999999999999886e+01 5.070818760315497720e+00 2.251847854610852018e+00
5.480000000000000426e+01 5.138922185540665488e+00 2.266919095499587034e+00
5.488000000000000256e+01 1.193797829488896589e+01 3.455137955985110310e+00
5.496000000000000085e+01 2.532366845740582306e+01 5.032262757190429703e+00
5.503999999999999915e+01 6.793186360459676720e+00 2.606374178904417693e+00
5.511999999999999744e+01 5.080989423354277612e+00 2.254105016043901344e+00
5.520000000000000284e+01 5.078000293843669688e+00 2.253441877183361086e+00
5.528000000000000114e+01 5.079200000000592574e+00 2.253708055627567930e+00
5.535999999999999943e+01 5.080400000000000027e+00 2.253974267821174493e+00
5.543999999999999773e+01 5.081599999999999895e+00 2.254240448576859457e+00
5.552000000000000313e+01 5.082800000001482132e+00 2.254506597905954646e+00
5.560000000000000142e+01 5.084000774202846351e+00 2.254772887499502776e+00
5.567999999999999972e+01 5.096824706351942957e+00 2.257614826836487509e+00
5.575999999999999801e+01 1.010561316603887150e+01 3.178932708636480697e+00
5.584000000000000341e+01 6.740591644906596969e+01 8.210110623436566613e+00
5.592000000000000171e+01 2.733839991513148959e+01 5.228613574852466250e+00
5.600000000000000000e+01 5.318431042671637243e+00 2.306172379218786261e+00
5.607999999999999829e+01 5.091268115602418654e+00 2.256383858212609006e+00
5.616000000000000369e+01 5.095445861194497716e+00 2.257309429651703336e+00
5.624000000000000199e+01 5.488189762799831506e+00 2.342688575718042898e+00
5.632000000000000028e+01 6.564771766028069777e+00 2.562181056449381877e+00
5.639999999999999858e+01 5.269210946279950569e+00 2.295476191616883543e+00
5.648000000000000398e+01 7.268423866019472435e+00 2.696001458831109865e+00
5.656000000000000227e+01 1.370635456484580317e+01 3.702209416665378505e+00
5.664000000000000057e+01 6.171683209209128051e+00 2.484287263826212122e+00
5.671999999999999886e+01 1.735254714721436642e+01 4.165638864233716099e+00
5.680000000000000426e+01 5.275982488471102272e+01 7.263595864632820920e+00
5.688000000000000256e+01 1.043545525240161354e+01 3.230395525690563652e+00
5.696000000000000085e+01 5.121555948823330873e+00 2.263085493043365037e+00
5.703999999999999915e+01 5.106654495919262793e+00 2.259790807999551010e+00
5.711999999999999744e+01 6.306200393041419439e+00 2.511214923705539892e+00
5.720000000000000284e+01 4.439637729252663689e+01 6.663060655023833156e+00
5.728000000000000114e+01 4.211675733102931218e+01 6.489742470316469891e+00
5.735999999999999943e+01 6.114517019681826149e+00 2.472754945335632559e+00
5.743999999999999773e+01 5.680708519983502569e+00 2.383423697117971862e+00
5.752000000000000313e+01 1.064977182115898202e+01 3.263398814297600037e+00
5.760000000000000142e+01 1.830833862004201151e+01 4.278824443704370317e+00
5.767999999999999972e+01 4.009077211134732721e+01 6.331727419223550868e+00
5.775999999999999801e+01 1.559680987649756645e+01 3.949279665520987859e+00
5.784000000000000341e+01 6.370991197423494157e+01 7.981848907003623594e+00
5.792000000000000171e+01 2.285051614652559948e+01 4.780221349114034624e+00
5.800000000000000000e+01 6.068858455553148623e+00 2.463505318758850926e+00
5.807999999999999829e+01 5.125635471213309202e+00 2.263986632295630130e+00
5.816000000000000369e+01 5.122795227709617372e+00 2.263359279414034475e+00
5.824000000000000199e+01 5.208536032671695182e+00 2.282221731706123080e+00
5.832000000000000028e+01 5.650545990211321090e+00 2.377087711930571778e+00
5.839999999999999858e+01 5.219580721436451576e+00 2.284640173295666266e+00
5.848000000000000398e+01 5.127679059429092412e+00 2.264437912469470238e+00
5.856000000000000227e+01 5.128698876408125606e+00 2.264663082316688669e+00
5.864000000000000057e+01 5.164784455192855894e+00 2.272616213792565620e+00
5.871999999999999886e+01 5.261714811790923818e+00 2.293842804507519872e+00
5.880000000000000426e+01 7.214074322622293423e+00 2.685902887786952853e+00
5.888000000000000256e+01 1.558625952796973912e+01 3.947943708814721564e+00
5.896000000000000085e+01 6.651940524669202048e+00 2.579135615796347203e+00
5.903999999999999915e+01 5.141999021847388107e+00 2.267597632263578689e+00
5.911999999999999744e+01 5.198773992877526062e+00 2.280082014506830568e+00
5.920000000000000284e+01 6.870300326003233593e+00 2.621125774548644927e+00
5.928000000000000114e+01 6.531614856463488827e+00 2.555702419387571922e+00
5.935999999999999943e+01 5.172629129806918691e+00 2.274341471680740856e+00
5.943999999999999773e+01 5.214107902882878065e+00 2.283442117261324178e+00
5.952000000000000313e+01 8.493553333741376221e+00 2.914370143571570537e+00
5.960000000000000142e+01 9.598040272106674209e+00 3.098070411095699139e+00
5.967999999999999972e+01 5.315452008019470931e+00 2.305526405838690618e+00
5.975999999999999801e+01 5.146587135799556734e+00 2.268609075138234843e+00
5.984000000000000341e+01 5.147607283401026024e+00 2.268833903881248393e+00
5.992000000000000171e+01 5.181327708350804251e+00 2.276252997439169423e+00
6.000000000000000000e+01 9.330728557375309151e+00 3.054624127020427515e+00
6.007999999999999829e+01 2.060292238731632963e+01 4.539044215175296770e+00
6.016000000000000369e+01 6.794608307727504126e+00 2.606646947272972081e+00
6.024000000000000199e+01 5.158618871416233098e+00 2.271259313996583984e+00
6.032000000000000028e+01 5.154856646309353252e+00 2.270430938458457781e+00
6.039999999999999858e+01 5.308469895938060290e+00 2.304011696137426402e+00
6.048000000000000398e+01 1.773010209599258147e+01 4.210712777665151840e+00
6.056000000000000227e+01 3.673224384260095121e+01 6.060713146371551119e+00
6.064000000000000057e+01 7.563767202231094444e+00 2.750230390754762499e+00
6.071999999999999886e+01 5.166763135751491376e+00 2.273051503101390480e+00
6.080000000000000426e+01 5.896541372229054723e+00 2.428279508670502018e+00
6.088000000000000256e+01 4.067235467583159902e+01 6.377488116479058000e+00
6.096000000000000085e+01 5.731206730932259319e+01 7.570473387399403009e+00
6.103999999999999915e+01 7.480822018373656235e+00 2.735109141949120914e+00
6.111999999999999744e+01 5.481975053401423992e+00 2.341361794640338001e+00
6.120000000000000284e+01 8.965563066161754691e+00 2.994255010209009527e+00
6.128000000000000114e+01 7.532990077102549975e+00 2.744629315062883101e+00
6.135999999999999943e+01 3.073925525587508290e+01 5.544299347606971295e+00
6.143999999999999773e+01 2.417245885967229668e+01 4.916549487157868548e+00
6.152000000000000313e+01 6.170648768609505730e+00 2.484079058445907595e+00
6.160000000000000142e+01 5.201177944750845050e+00 2.280609117045453882e+00
6.167999999999999972e+01 6.898112691584717737e+00 2.626425839726817202e+00
6.175999999999999801e+01 2.856796431465552288e+01 5.344900776876547965e+00
6.184000000000000341e+01 1.434023765940713169e+01 3.786850625441559703e+00
6.192000000000000171e+01 5.282467569333561208e+00 2.298361931753474252e+00
6.200000000000000000e+01 5.180033929820431204e+00 2.275968789289613881e+00
6.207999999999999829e+01 5.181200000321863008e+00 2.276224945017926604e+00
6.216000000000000369e+01 5.182400000023092090e+00 2.276488524026223370e+00
6.224000000000000199e+01 5.183603374536212449e+00 2.276752813666035991e+00
6.232000000000000028e+01 5.198980811998892726e+00 2.280127367494827695e+00
6.239999999999999858e+01 6.899620023188880680e+00 2.626712778967065010e+00
6.248000000000000398e+01 1.114182864999987821e+01 3.337937784021727250e+00
6.256000000000000227e+01 5.805717047719210377e+00 2.409505560840067950e+00
6.264000000000000057e+01 8.635117251512900438e+00 2.938557001576266980e+00
6.271999999999999886e+01 2.209330205156663496e+01 4.700351268954974238e+00
6.280000000000000426e+01 2.232374742006041757e+01 4.724801310114576047e+00
6.288000000000000256e+01 1.631084762734342775e+01 4.038669041570926765e+00
6.296000000000000085e+01 2.013614616564980508e+01 4.487331742321911676e+00
6.303999999999999915e+01 8.423945490625087018e+00 2.902403399016940000e+00
6.311999999999999744e+01 1.084660722203945227e+01 3.293418774167574892e+00
6.320000000000000284e+01 1.637555579254931004e+01 4.046672187433682844e+00
6.328000000000000114e+01 2.491733457412652442e+01 4.991726612518610828e+00
6.335999999999999943e+01 2.890889447624655872e+01 5.376699217572669554e+00
6.343999999999999773e+01 3.178862829198214257e+01 5.638140499489360913e+00
6.352000000000000313e+01 2.363641707206966558e+01 4.861729843591647615e+00
6.360000000000000142e+01 6.106393308356580008e+00 2.471111755537693355e+00
6.367999999999999972e+01 5.206680533153500434e+00 2.281815183829203342e+00
6.375999999999999801e+01 5.206400075033176478e+00 2.281753727954262789e+00
6.384000000000000341e+01 5.207600330667207622e+00 2.282016724449495992e+00
6.392000000000000171e+01 5.211024871856799301e+00 2.282766933319474667e+00
6.400000000000000000e+01 5.640472539566008692e+00 2.374967902849638435e+00
6.407999999999999829e+01 7.606237537700659246e+00 2.757940814756665304e+00
6.415999999999999659e+01 5.595582457917584129e+00 2.365498352972917218e+00
6.424000000000000909e+01 5.215363167823124257e+00 2.283716963159647673e+00
6.431999999999999318e+01 5.218254507240958517e+00 2.284349909107831422e+00
6.440000000000000568e+01 6.453228464319000324e+00 2.540320543616297222e+00
6.448000000000000398e+01 1.804346147626560892e+01 4.247759583152701524e+00
6.456000000000000227e+01 1.706518920309429888e+01 4.131003413590249806e+00
6.464000000000000057e+01 2.836292568283356985e+01 5.325685466006565782e+00
6.471999999999999886e+01 7.280726927108082336e+00 2.698282217839357511e+00
6.480000000000001137e+01 6.135358445324365029e+00 2.476965572091054391e+00
6.487999999999999545e+01 1.857175051094535689e+01 4.309495389363510398e+00
6.496000000000000796e+01 1.087234035154414791e+01 3.297323210051472664e+00
6.503999999999999204e+01 5.294318320628994989e+00 2.300938573849592217e+00
6.512000000000000455e+01 5.226824042598041231e+00 2.286224845153696172e+00
6.520000000000000284e+01 5.228000002086187870e+00 2.286482014380648575e+00
6.528000000000000114e+01 5.229280349626080238e+00 2.286761979224352981e+00
6.535999999999999943e+01 5.331061353902774691e+00 2.308909126384746990e+00
6.543999999999999773e+01 8.857936649538494578e+00 2.976228594973594266e+00
6.552000000000001023e+01 8.990774466503493656e+00 2.998462016851888290e+00
6.559999999999999432e+01 5.620498606846604517e+00 2.370759078195547875e+00
6.568000000000000682e+01 6.862919334946422367e+00 2.619717415093929969e+00
6.575999999999999091e+01 5.515498994348806860e+00 2.348509951937356899e+00
6.584000000000000341e+01 6.348218677729155601e+00 2.519567160789558447e+00
6.592000000000000171e+01 2.688567878447126347e+01 5.185140189471376893e+00
6.600000000000000000e+01 3.032627168740887669e+01 5.506929424589430688e+00
6.607999999999999829e+01 1.555861805635505135e+01 3.944441412463246532e+00
6.615999999999999659e+01 5.465789413081779458e+00 2.337902780930332103e+00
6.624000000000000909e+01 6.378336202651164299e+00 2.525536814748730485e+00
6.631999999999999318e+01 1.324923206018233657e+01 3.639949458465369325e+00
6.640000000000000568e+01 6.869844693743352160e+00 2.621038857732435723e+00
6.648000000000000398e+01 5.256672943393083663e+00 2.292743540693787274e+00
6.656000000000000227e+01 5.248448871261156334e+00 2.290949338431811810e+00
6.664000000000000057e+01 5.297465776220635192e+00 2.301622422601203866e+00
6.671999999999999886e+01 6.644211308999016907e+00 2.577636768243154908e+00
6.680000000000001137e+01 6.418433595354454901e+00 2.533462767706376795e+00
6.687999999999999545e+01 5.283302689012079334e+00 2.298543601720898444e+00
6.696000000000000796e+01 6.452792821235110665e+00 2.540234796477504720e+00
6.703999999999999204e+01 3.287192388996061965e+01 5.733404214771589125e+00
6.712000000000000455e+01 4.882613325571501406e+01 6.987569910613776081e+00
6.720000000000000284e+01 1.801013411622495397e+01 4.243834836115203402e+00
6.728000000000000114e+01 2.325956963433759128e+01 4.822817603262390840e+00
6.735999999999999943e+01 8.568680414084727914e+00 2.927230844003378074e+00
6.743999999999999773e+01 8.284892085667515005e+00 2.878348847111398268e+00
6.752000000000001023e+01 1.852140742751973335e+01 4.303650476923019497e+00
6.759999999999999432e+01 1.478505319121072503e+01 3.845133702644255802e+00
6.768000000000000682e+01 8.463737292334247542e+00 2.909250297298987764e+00
6.775999999999999091e+01 5.922785220668434825e+00 2.433677304136363073e+00
6.784000000000000341e+01 5.271796904465694489e+00 2.296039395233822056e+00
6.792000000000000171e+01 5.268800771889924128e+00 2.295386845803975451e+00
6.800000000000000000e+01 5.270000012411980350e+00 2.295648059353171178e+00
6.807999999999999829e+01 5.271600419371292645e+00 2.295996607003436552e+00
6.815999999999999659e+01 5.643985155184394031e+00 2.375707295772017780e+00
6.824000000000000909e+01 1.518940674673702240e+01 3.897358945072550540e+00
6.831999999999999318e+01 1.288374026539912975e+01 3.589392743264399499e+00
6.840000000000000568e+01 5.443898461836691460e+00 2.333216334126925862e+00
6.848000000000000398e+01 5.277306535827240630e+00 2.297238893939252513e+00
6.856000000000000227e+01 5.278400002247740197e+00 2.297476877413076490e+00
6.864000000000000057e+01 5.279621602624460230e+00 2.297742718979751242e+00
6.871999999999999886e+01 5.324964890222951830e+00 2.307588544394981955e+00
6.880000000000001137e+01 7.878496410270184214e+00 2.806865940915273416e+00
6.887999999999999545e+01 9.845008276060863039e+00 3.137675616768066167e+00
6.896000000000000796e+01 1.607312019030114669e+01 4.009129605076537040e+00
6.903999999999999204e+01 2.393121899881138503e+01 4.891954517246801082e+00
6.912000000000000455e+01 6.281625118859918366e+00 2.506317042766121883e+00
6.920000000000000284e+01 5.791563409822584774e+00 2.406566726650766430e+00
6.928000000000000114e+01 5.435621056600970391e+00 2.331441840707370261e+00
6.935999999999999943e+01 5.362700250681716518e+00 2.315750472456330034e+00
6.943999999999999773e+01 1.238366072885715852e+01 3.519042586962703556e+00
6.952000000000001023e+01 2.593565180515622259e+01 5.092705745000021267e+00
6.959999999999999432e+01 1.032223960477109692e+01 3.212824241188910079e+00
6.968000000000000682e+01 6.665492891754515981e+00 2.581761586931395236e+00
6.975999999999999091e+01 5.312670864589930986e+00 2.304923179758911367e+00
6.984000000000000341e+01 5.490879093711729553e+00 2.343262489289607675e+00
6.992000000000000171e+01 1.145106373427030277e+01 3.383942040619239311e+00
7.000000000000000000e+01 1.093149474899666984e+01 3.306281105562058897e+00
7.007999999999999829e+01 5.449432605941269436e+00 2.334401980366977991e+00
7.015999999999999659e+01 5.316935763844443663e+00 2.305848165826285268e+00
7.024000000000000909e+01 8.881459734547227924e+00 2.980177802505620477e+00
7.031999999999999318e+01 3.085163822969902370e+01 5.554425103437711009e+00
7.040000000000000568e+01 1.108511537212639553e+01 3.329431689061422173e+00
7.048000000000000398e+01 5.663449476121971138e+00 2.379800301731632928e+00
7.056000000000000227e+01 5.314013735627385770e+00 2.305214466297525799e+00
7.064000000000000057e+01 5.367549539514370416e+00 2.316797259044125035e+00
7.071999999999999886e+01 1.168877552283603904e+01 3.418885128640042570e+00
7.080000000000001137e+01 2.792300631588419790e+01 5.284222394627633435e+00
7.087999999999999545e+01 8.199318579475249891e+00 2.863445228998670711e+00
7.096000000000000796e+01 5.405858554665896598e+00 2.325050226267358688e+00
7.103999999999999204e+01 7.836744349338971460e+00 2.799418573443237523e+00
7.112000000000000455e+01 7.877739778096225720e+00 2.806731155293685553e+00
7.120000000000000284e+01 6.915055226957572465e+00 2.629649259303904252e+00
7.128000000000000114e+01 1.810111107097869976e+01 4.254540053986882064e+00
7.135999999999999943e+01 1.077976593303302977e+01 3.283255386507883067e+00
7.143999999999999773e+01 5.397121147472580205e+00 2.323170494706012779e+00
7.152000000000001023e+01 5.359421095052425699e+00 2.315042352755652288e+00
7.159999999999999432e+01 7.165869428831802779e+00 2.676914161648034973e+00
7.168000000000000682e+01 7.991955556109819447e+00 2.827004696867307931e+00
7.175999999999999091e+01 5.910453291548959598e+00 2.431142384055068106e+00
7.184000000000000341e+01 1.582389323406032133e+01 3.977925745166734472e+00
7.192000000000000171e+01 1.462424527238284000e+01 3.824165957745929045e+00
7.200000000000000000e+01 7.128543313697869088e+00 2.669933203976809111e+00
7.207999999999999829e+01 9.729644660434200176e+00 3.119237833258983628e+00
7.215999999999999659e+01 8.310869863428340665e+00 2.882857933271832263e+00
7.224000000000000909e+01 5.407475279364394538e+00 2.325397875496663325e+00
7.231999999999999318e+01 5.334853109083072198e+00 2.309730094422954849e+00
7.240000000000000568e+01 5.336000001098595291e+00 2.309978355114739035e+00
7.248000000000000398e+01 5.337200189947821194e+00 2.310238124078948907e+00
7.256000000000000227e+01 5.341071827820432105e+00 2.311075902652362402e+00
7.264000000000000057e+01 6.421987657133988670e+00 2.534164094358135610e+00
7.271999999999999886e+01 1.856965702120159989e+01 4.309252489841085776e+00
7.280000000000001137e+01 1.656380296987621392e+01 4.069865227483118630e+00
7.287999999999999545e+01 7.527303552025225386e+00 2.743593182675818198e+00
7.296000000000000796e+01 5.363239315320964096e+00 2.315866860447932662e+00
7.303999999999999204e+01 5.345604755785695161e+00 2.312056391134458266e+00
7.312000000000000455e+01 5.346830472694332315e+00 2.312321446662278568e+00
7.320000000000000284e+01 5.422782711795015587e+00 2.328686907206508838e+00
7.328000000000000114e+01 1.062658135472641163e+01 3.259843762318435534e+00
7.335999999999999943e+01 1.605972674577951409e+01 4.007458888844589673e+00
7.343999999999999773e+01 5.976531307642837909e+00 2.444694522357105715e+00
7.352000000000001023e+01 5.353848645790178828e+00 2.313838509012713818e+00
7.359999999999999432e+01 5.354000050600146388e+00 2.313871226019319050e+00
7.368000000000000682e+01 5.355200000000138516e+00 2.314130506259346465e+00
7.375999999999999091e+01 5.356400044321087961e+00 2.314389777958995253e+00
7.384000000000000341e+01 5.358430352326524648e+00 2.314828363470286643e+00
7.392000000000000171e+01 5.806158098101715126e+00 2.409597082107652888e+00
7.400000000000000000e+01 1.229093835785005950e+01 3.505843458834130288e+00
7.407999999999999829e+01 8.536501222931546451e+00 2.921729149481783416e+00
7.415999999999999659e+01 1.038707375593399007e+01 3.222898347130109364e+00
7.424000000000000909e+01 1.354096808634047200e+01 3.679805441370572083e+00
7.431999999999999318e+01 5.906295810473492836e+00 2.430287186830703217e+00
7.440000000000000568e+01 9.885635077744332477e+00 3.144142979850682806e+00
7.448000000000000398e+01 1.703870998575369811e+01 4.127797231666509248e+00
7.456000000000000227e+01 9.617109774153533408e+00 3.101146525747136007e+00
7.464000000000000057e+01 5.427519968308820886e+00 2.329703837037837122e+00
7.471999999999999886e+01 5.383739350739928042e+00 2.320288635221904538e+00
7.480000000000001137e+01 7.505952265347600516e+00 2.739699301994217073e+00
7.487999999999999545e+01 2.306427389010204365e+01 4.802527864583614026e+00
7.496000000000000796e+01 1.770878917318416512e+01 4.208181219147313357e+00
7.503999999999999204e+01 5.766636357177578276e+00 2.401382176409573077e+00
7.512000000000000455e+01 5.377181516252126592e+00 2.318875054040671291e+00
7.520000000000000284e+01 5.378000012195097490e+00 2.319051532889059519e+00
7.528000000000000114e+01 5.379246484271703821e+00 2.319320263411611016e+00
7.535999999999999943e+01 5.424402192805836798e+00 2.329034605325956964e+00
7.543999999999999773e+01 6.580439613720561631e+00 2.565236755880548447e+00
7.552000000000001023e+01 6.434382549344570990e+00 2.536608473798148466e+00
7.559999999999999432e+01 5.745748196765456228e+00 2.397029035444806055e+00
7.568000000000000682e+01 5.414468357397104192e+00 2.326901020111750373e+00
7.575999999999999091e+01 5.386510959982921953e+00 2.320885813645928053e+00
7.584000000000000341e+01 5.477436852558969171e+00 2.340392456952245848e+00
7.592000000000000171e+01 1.233075587415925511e+01 3.511517602712430630e+00
7.600000000000000000e+01 2.384931112239197049e+01 4.883575649295500476e+00
7.607999999999999829e+01 8.306731458733388251e+00 2.882140083121115026e+00
7.615999999999999659e+01 1.207316572232964980e+01 3.474646129079859147e+00
7.624000000000000909e+01 6.463164133690038504e+00 2.542275385100921437e+00
7.631999999999999318e+01 6.656039527751601348e+00 2.579930140091316826e+00
7.640000000000000568e+01 6.253424279574774758e+00 2.500684762135118699e+00
7.648000000000000398e+01 7.975681206304988891e+00 2.824124856713135845e+00
7.656000000000000227e+01 9.259080585263244956e+00 3.042873737975870352e+00
7.664000000000000057e+01 5.821676354453611424e+00 2.412815026986861788e+00
7.671999999999999886e+01 5.808373641764046802e+00 2.410056771481544846e+00
7.680000000000001137e+01 5.958015908500470914e+00 2.440904731549445650e+00
7.687999999999999545e+01 5.511766383454586027e+00 2.347715141037043818e+00
7.696000000000000796e+01 1.092502922517361341e+01 3.305303197162646534e+00
7.703999999999999204e+01 1.558086937228695135e+01 3.947260996220917750e+00
7.712000000000000455e+01 5.946101614832108417e+00 2.438462961546085772e+00
7.720000000000000284e+01 5.408821947253215967e+00 2.325687413917273627e+00
7.728000000000000114e+01 5.409200124509833785e+00 2.325768716899819566e+00
7.735999999999999943e+01 5.412180322731161120e+00 2.326409319687995136e+00
7.743999999999999773e+01 6.441621640933245629e+00 2.538034996002467736e+00
7.752000000000001023e+01 2.254923129449823804e+01 4.748603088751284673e+00
7.759999999999999432e+01 1.361224402053736604e+01 3.689477472561306648e+00
7.768000000000000682e+01 5.527984124471107208e+00 2.351166545455916079e+00
7.775999999999999091e+01 5.416992416580382219e+00 2.327443321883560401e+00
7.784000000000000341e+01 5.824871039280685281e+00 2.413476960586258713e+00
7.792000000000000171e+01 1.607233898377292647e+01 4.009032175447451607e+00
7.800000000000000000e+01 1.356134305155424968e+01 3.682572884757917553e+00
7.807999999999999829e+01 5.600515520939982395e+00 2.366540834412113714e+00
7.815999999999999659e+01 5.520478542758982421e+00 2.349569863349243448e+00
7.824000000000000909e+01 6.809586485169646153e+00 2.609518439323555761e+00
7.831999999999999318e+01 7.642281152453550774e+00 2.764467607416218442e+00
7.840000000000000568e+01 6.372406147151452593e+00 2.524362522925630348e+00
7.848000000000000398e+01 5.753644235164049547e+00 2.398675516855927281e+00
7.856000000000000227e+01 8.005073387709996879e+00 2.829323839313908628e+00
7.864000000000000057e+01 1.057578367473399972e+01 3.252043000136068063e+00
7.871999999999999886e+01 6.241776769517343837e+00 2.498354812575136030e+00
7.880000000000001137e+01 5.443393670548021923e+00 2.333108156633125763e+00
7.887999999999999545e+01 6.476302363697249653e+00 2.544858024271147823e+00
7.896000000000000796e+01 1.045232445167130386e+01 3.233005482777798090e+00
7.903999999999999204e+01 1.279111305404346055e+01 3.576466559894480479e+00
7.912000000000000455e+01 1.296757795309184402e+01 3.601052339676812153e+00
7.920000000000000284e+01 5.680966863824169266e+00 2.383477892455512226e+00
7.928000000000000114e+01 5.465882216182015974e+00 2.337922628356638999e+00
7.935999999999999943e+01 8.382895922192082239e+00 2.895323111880966138e+00
7.943999999999999773e+01 2.206185483172010819e+01 4.697004878826517071e+00
7.952000000000001023e+01 1.636695279567761219e+01 4.045609075983196412e+00
7.959999999999999432e+01 6.090897689500359036e+00 2.467974410219919257e+00
7.968000000000000682e+01 5.446764607785800294e+00 2.333830458235087946e+00
7.975999999999999091e+01 5.521506190284195981e+00 2.349788541610541515e+00
7.984000000000000341e+01 8.259788716222285387e+00 2.873984814890691908e+00
7.992000000000000171e+01 1.019405697435852787e+01 3.192813332213226829e+00
8.000000000000000000e+01 1.164300287988786842e+01 3.412184473308538468e+00
8.007999999999999829e+01 6.063490165337149129e+00 2.462415514355192681e+00
8.015999999999999659e+01 5.454166636757213915e+00 2.335415731033173792e+00
8.024000000000000909e+01 5.453600401231424755e+00 2.335294499893198594e+00
8.031999999999999318e+01 5.456885672743605475e+00 2.335997789541678138e+00
8.040000000000000568e+01 5.962844985733267045e+00 2.441893729410284486e+00
8.048000000000000398e+01 1.134964081838072048e+01 3.368922797925283596e+00
8.056000000000000227e+01 2.683077391632810560e+01 5.179843039738569743e+00
8.064000000000000057e+01 5.119161298446164210e+01 7.154831443469625185e+00
8.071999999999999886e+01 1.422692698805105849e+01 3.771859884466953527e+00
8.080000000000001137e+01 6.088883685300273463e+00 2.467566348712892044e+00
8.087999999999999545e+01 5.470643306281580465e+00 2.338940637613870610e+00
8.096000000000000796e+01 5.464402715969870705e+00 2.337606193517177910e+00
8.103999999999999204e+01 5.465602106567414964e+00 2.337862721925180853e+00
8.112000000000000455e+01 5.478300429950974326e+00 2.340576943821965905e+00
8.120000000000000284e+01 7.273448459026718993e+00 2.696933158056891600e+00
8.128000000000000114e+01 1.361966778194478067e+01 3.690483407623557088e+00
8.135999999999999943e+01 6.528450501390377525e+00 2.555083267017021598e+00
8.143999999999999773e+01 5.475549632445146031e+00 2.339989237677204681e+00
8.152000000000001023e+01 5.472800449472053685e+00 2.339401728962354543e+00
8.159999999999999432e+01 5.474497760537305524e+00 2.339764466893474726e+00
8.168000000000000682e+01 5.754619664289080561e+00 2.398878834849538677e+00
8.175999999999999091e+01 1.006817733649497271e+01 3.173039132518691741e+00
8.184000000000000341e+01 1.136987784139045665e+01 3.371924945990117273e+00
8.192000000000000171e+01 1.699828644860378546e+01 4.122897821751563718e+00
8.200000000000000000e+01 8.301454380811382094e+00 2.881224458595925242e+00
