# NIST SRM 660c LaB6, certification scan 100a, angular excerpt
# columns: corrected_2theta_deg intensity_total sigma_from_weight
# source: https://data.nist.gov/od/ds/mds2-2315/srm_660c_cifs_20201029_081700.zip
# original member: 660_cert_cif_mosaic_consensus_100a.cif
# source license: https://www.nist.gov/open/license
# extraction: exact rows with 20.300 <= corrected 2theta <= 50.000 degrees
# sigma = 1/sqrt(_pd_proc_ls_weight)
20.300 19.000000 3.115884764
20.310 10.500000 2.350502474
20.320 12.000000 2.500000000
20.330 18.500000 3.086066999
20.340 17.000000 2.961744389
20.350 9.500000 2.241679198
20.360 14.500000 2.742042486
20.370 14.500000 2.742042486
20.380 11.000000 2.397316507
20.390 11.000000 2.397316507
20.400 8.500000 2.122381800
20.410 10.000000 2.288143810
20.420 13.000000 2.599376225
20.430 14.000000 2.691909510
20.440 16.000000 2.874797873
20.450 20.500000 3.239317742
20.460 12.000000 2.500000000
20.470 13.000000 2.599376225
20.480 14.500000 2.742042486
20.490 12.000000 2.500000000
20.500 11.000000 2.397316507
20.510 15.000000 2.784230232
20.520 13.000000 2.599376225
20.530 15.000000 2.784230232
20.540 17.000000 2.961744389
20.550 7.000000 1.938916836
20.560 14.000000 2.691909510
20.570 13.000000 2.599376225
20.580 11.500000 2.447043921
20.590 14.500000 2.742042486
20.600 18.500000 3.086066999
20.610 12.000000 2.500000000
20.620 14.500000 2.742042486
20.630 15.500000 2.828427125
20.640 12.000000 2.500000000
20.650 12.500000 2.548235957
20.660 16.500000 2.923526731
20.670 14.500000 2.742042486
20.680 15.500000 2.828427125
20.690 17.500000 3.001501126
20.700 11.500000 2.447043921
20.710 14.000000 2.691909510
20.720 14.500000 2.742042486
20.730 15.000000 2.784230232
20.740 9.000000 2.182178902
20.750 18.000000 3.042903097
20.760 14.000000 2.691909510
20.770 15.000000 2.784230232
20.780 14.500000 2.742042486
20.790 17.000000 2.961744389
20.800 14.500000 2.742042486
20.810 13.000000 2.599376225
20.820 17.000000 2.961744389
20.830 14.000000 2.691909510
20.840 16.500000 2.923526731
20.850 19.000000 3.115884764
20.860 17.500000 3.001501126
20.870 17.500000 3.001501126
20.880 23.000000 3.429971703
20.890 18.000000 3.042903097
20.900 20.500000 3.239317742
20.910 20.500000 3.239317742
20.920 19.500000 3.162277660
20.930 19.000000 3.115884764
20.940 15.000000 2.784230232
20.950 27.000000 3.708794708
20.960 29.500000 3.869116163
20.970 32.000000 4.029114820
20.980 29.500000 3.869116163
20.990 28.500000 3.809696589
21.000 38.000000 4.389512813
21.010 40.000000 4.499212707
21.020 42.500000 4.642383454
21.030 63.500000 5.661385171
21.040 62.000000 5.590169944
21.050 50.500000 5.050762723
21.060 73.500000 6.074567392
21.070 73.000000 6.063390626
21.080 87.000000 6.608186005
21.090 88.500000 6.666666667
21.100 96.500000 6.967330143
21.110 99.000000 7.053456159
21.120 127.500000 8.006407690
21.130 121.500000 7.808688094
21.140 131.000000 8.111071057
21.150 156.000000 8.838834765
21.160 179.000000 9.449111825
21.170 199.000000 10.000000000
21.180 211.000000 10.281451514
21.190 229.000000 10.708823422
21.200 251.500000 11.222503481
21.210 294.000000 12.126781252
21.220 314.500000 12.549116103
21.230 330.000000 12.845874888
21.240 411.500000 14.344382764
21.250 441.000000 14.857676530
21.260 541.500000 16.462159944
21.270 620.500000 17.622684421
21.280 695.500000 18.633899812
21.290 768.500000 19.611613514
21.300 867.500000 20.851441406
21.310 1043.000000 22.821773229
21.320 1262.500000 25.157730271
21.330 1444.500000 26.919095103
21.340 1755.000000 29.617443888
21.350 2096.000000 32.376195412
21.360 2343.500000 34.239347870
21.370 2629.000000 36.249971680
21.380 2682.500000 36.637165272
21.390 2636.500000 36.321635615
21.400 2422.500000 34.815531191
21.410 2191.500000 33.113308927
21.420 1867.500000 30.570892026
21.430 1587.500000 28.171808491
21.440 1240.000000 24.922239314
21.450 1085.500000 23.312620206
21.460 805.000000 20.080483223
21.470 529.000000 16.265001216
21.480 363.500000 13.483997249
21.490 224.000000 10.588088747
21.500 129.000000 8.058229640
21.510 126.500000 7.980868845
21.520 108.500000 7.372097808
21.530 121.000000 7.784989442
21.540 84.500000 6.523280731
21.550 94.000000 6.868028197
21.560 81.000000 6.375767131
21.570 77.000000 6.225728064
21.580 80.000000 6.337242505
21.590 85.500000 6.565321643
21.600 65.500000 5.735393347
21.610 67.000000 5.812381937
21.620 61.500000 5.572782126
21.630 56.000000 5.322462954
21.640 51.500000 5.103103631
21.650 48.000000 4.920678313
21.660 36.500000 4.299335804
21.670 29.000000 3.840476863
21.680 31.000000 3.971507354
21.690 37.500000 4.360207202
21.700 29.500000 3.869116163
21.710 23.500000 3.460642701
21.720 19.000000 3.115884764
21.730 21.000000 3.279129179
21.740 17.500000 3.001501126
21.750 19.000000 3.115884764
21.760 18.500000 3.086066999
21.770 22.500000 3.390317518
21.780 17.500000 3.001501126
21.790 17.000000 2.961744389
21.800 11.000000 2.397316507
21.810 19.000000 3.115884764
21.820 16.000000 2.874797873
21.830 19.000000 3.115884764
21.840 21.000000 3.279129179
21.850 16.500000 2.923526731
21.860 13.500000 2.653724462
21.870 18.000000 3.042903097
21.880 13.500000 2.653724462
21.890 15.500000 2.828427125
21.900 16.500000 2.923526731
21.910 16.000000 2.874797873
21.920 14.500000 2.742042486
21.930 13.000000 2.599376225
21.940 14.000000 2.691909510
21.950 19.000000 3.115884764
21.960 17.500000 3.001501126
21.970 17.500000 3.001501126
21.980 15.000000 2.784230232
21.990 13.000000 2.599376225
22.000 16.000000 2.874797873
22.010 12.500000 2.548235957
22.020 13.500000 2.653724462
22.030 11.500000 2.447043921
22.040 11.500000 2.447043921
22.050 15.000000 2.784230232
22.060 14.000000 2.691909510
22.070 9.500000 2.241679198
22.080 11.500000 2.447043921
22.090 13.000000 2.599376225
22.100 12.500000 2.548235957
22.110 20.000000 3.199283441
22.120 16.500000 2.923526731
22.130 8.500000 2.122381800
22.140 15.500000 2.828427125
22.150 18.500000 3.086066999
22.160 11.000000 2.397316507
22.170 9.500000 2.241679198
22.180 12.500000 2.548235957
22.190 13.000000 2.599376225
22.200 12.000000 2.500000000
29.100 15.000000 4.000000000
29.110 9.000000 3.162277660
29.120 13.000000 3.739787960
29.130 12.000000 3.610790723
29.140 6.000000 2.653724462
29.150 12.000000 3.610790723
29.160 14.000000 3.869116163
29.170 11.000000 3.460642701
29.180 9.000000 3.162277660
29.190 14.000000 3.869116163
29.200 13.000000 3.739787960
29.210 12.000000 3.610790723
29.220 9.000000 3.162277660
29.230 13.000000 3.739787960
29.240 8.000000 3.001501126
29.250 12.000000 3.610790723
29.260 14.000000 3.869116163
29.270 8.000000 3.001501126
29.280 8.000000 3.001501126
29.290 6.000000 2.653724462
29.300 11.000000 3.460642701
29.310 7.000000 2.828427125
29.320 9.000000 3.162277660
29.330 9.000000 3.162277660
29.340 14.000000 3.869116163
29.350 13.000000 3.739787960
29.360 2.000000 1.730321351
29.370 11.000000 3.460642701
29.380 16.000000 4.120428217
29.390 5.000000 2.447043921
29.400 11.000000 3.460642701
29.410 10.000000 3.320445501
29.420 7.000000 2.828427125
29.430 11.000000 3.460642701
29.440 5.000000 2.447043921
29.450 18.000000 4.360207202
29.460 13.000000 3.739787960
29.470 8.000000 3.001501126
29.480 8.000000 3.001501126
29.490 11.000000 3.460642701
29.500 8.000000 3.001501126
29.510 6.000000 2.653724462
29.520 9.000000 3.162277660
29.530 8.000000 3.001501126
29.540 10.000000 3.320445501
29.550 16.000000 4.120428217
29.560 9.000000 3.162277660
29.570 7.000000 2.828427125
29.580 9.000000 3.162277660
29.590 8.000000 3.001501126
29.600 12.000000 3.610790723
29.610 6.000000 2.653724462
29.620 8.000000 3.001501126
29.630 13.000000 3.739787960
29.640 7.000000 2.828427125
29.650 5.000000 2.447043921
29.660 14.000000 3.869116163
29.670 11.000000 3.460642701
29.680 14.000000 3.869116163
29.690 11.000000 3.460642701
29.700 12.000000 3.610790723
29.710 8.000000 3.001501126
29.720 11.000000 3.460642701
29.730 13.000000 3.739787960
29.740 11.000000 3.460642701
29.750 8.000000 3.001501126
29.760 12.000000 3.610790723
29.770 9.000000 3.162277660
29.780 14.000000 3.869116163
29.790 13.000000 3.739787960
29.800 12.000000 3.610790723
29.810 20.000000 4.578685465
29.820 10.000000 3.320445501
29.830 8.000000 3.001501126
29.840 14.000000 3.869116163
29.850 11.000000 3.460642701
29.860 10.000000 3.320445501
29.870 13.000000 3.739787960
29.880 19.000000 4.472135955
29.890 15.000000 4.000000000
29.900 16.000000 4.120428217
29.910 16.000000 4.120428217
29.920 13.000000 3.739787960
29.930 11.000000 3.460642701
29.940 19.000000 4.472135955
29.950 13.000000 3.739787960
29.960 14.000000 3.869116163
29.970 29.000000 5.479966244
29.980 18.000000 4.360207202
29.990 29.000000 5.479966244
30.000 28.000000 5.391638660
30.010 32.000000 5.735393347
30.020 30.000000 5.572782126
30.030 27.000000 5.292561240
30.040 36.000000 6.074567392
30.050 33.000000 5.832118435
30.060 50.000000 7.142857143
30.070 47.000000 6.933752453
30.080 61.000000 7.881104062
30.090 71.000000 8.481889297
30.100 77.000000 8.838834765
30.110 75.000000 8.703882798
30.120 71.000000 8.481889297
30.130 87.000000 9.365858116
30.140 107.000000 10.391889178
30.150 106.000000 10.341753800
30.160 129.000000 11.403464899
30.170 130.000000 11.448213789
30.180 148.000000 12.207837506
30.190 166.000000 12.920716241
30.200 195.000000 14.002800840
30.210 205.000000 14.344382764
30.220 192.000000 13.894250359
30.230 258.000000 16.095569499
30.240 264.000000 16.286558550
30.250 314.000000 17.761120833
30.260 381.000000 19.536616629
30.270 386.000000 19.687480774
30.280 509.000000 22.587697573
30.290 555.000000 23.570226040
30.300 698.000000 26.444294267
30.310 778.000000 27.950849719
30.320 892.000000 29.880715233
30.330 1085.000000 32.951120316
30.340 1349.000000 36.735917919
30.350 1505.000000 38.807526285
30.360 1860.000000 43.153185200
30.370 2368.000000 48.679238351
30.380 2975.000000 54.554472559
30.390 3635.000000 60.302268916
30.400 4093.000000 64.018439966
30.410 4319.000000 65.795169496
30.420 4177.000000 64.684622735
30.430 3870.000000 62.257280636
30.440 3309.000000 57.543533765
30.450 2689.000000 51.847584737
30.460 2315.000000 48.112522432
30.470 2313.000000 48.112522432
30.480 2289.000000 47.836487323
30.490 2234.000000 47.298376984
30.500 1945.000000 44.108109139
30.510 1597.000000 39.968038349
30.520 1154.000000 33.981383302
30.530 741.000000 27.216552698
30.540 522.000000 22.881438098
30.550 296.000000 17.226024064
30.560 248.000000 15.772007447
30.570 191.000000 13.854189967
30.580 177.000000 13.339263213
30.590 164.000000 12.845874888
30.600 170.000000 13.085598065
30.610 140.000000 11.867816582
30.620 126.000000 11.272302473
30.630 129.000000 11.403464899
30.640 126.000000 11.272302473
30.650 125.000000 11.222503481
30.660 96.000000 9.853292782
30.670 88.000000 9.449111825
30.680 88.000000 9.449111825
30.690 73.000000 8.606629658
30.700 63.000000 8.006407690
30.710 55.000000 7.474350928
30.720 48.000000 7.001400420
30.730 42.000000 6.565321643
30.740 44.000000 6.711560552
30.750 37.000000 6.154574549
30.760 34.000000 5.923488778
30.770 33.000000 5.832118435
30.780 34.000000 5.923488778
30.790 28.000000 5.391638660
30.800 41.000000 6.482037236
30.810 30.000000 5.572782126
30.820 26.000000 5.198752449
30.830 19.000000 4.472135955
30.840 16.000000 4.120428217
30.850 24.000000 5.000000000
30.860 15.000000 4.000000000
30.870 13.000000 3.739787960
30.880 21.000000 4.688072309
30.890 20.000000 4.578685465
30.900 17.000000 4.240944648
30.910 10.000000 3.320445501
30.920 10.000000 3.320445501
30.930 14.000000 3.869116163
30.940 14.000000 3.869116163
30.950 12.000000 3.610790723
30.960 12.000000 3.610790723
30.970 23.000000 4.902903378
30.980 27.000000 5.292561240
30.990 11.000000 3.460642701
31.000 7.000000 2.828427125
31.010 7.000000 2.828427125
31.020 13.000000 3.739787960
31.030 8.000000 3.001501126
31.040 16.000000 4.120428217
31.050 16.000000 4.120428217
31.060 11.000000 3.460642701
31.070 10.000000 3.320445501
31.080 18.000000 4.360207202
31.090 8.000000 3.001501126
31.100 18.000000 4.360207202
31.110 3.000000 2.000000000
31.120 14.000000 3.869116163
31.130 11.000000 3.460642701
31.140 9.000000 3.162277660
31.150 6.000000 2.653724462
31.160 4.000000 2.241679198
31.170 11.000000 3.460642701
31.180 12.000000 3.610790723
31.190 11.000000 3.460642701
31.200 7.000000 2.828427125
31.210 9.000000 3.162277660
31.220 7.000000 2.828427125
31.230 13.000000 3.739787960
31.240 11.000000 3.460642701
31.250 12.000000 3.610790723
31.260 13.000000 3.739787960
31.270 5.000000 2.447043921
31.280 3.000000 2.000000000
31.290 8.000000 3.001501126
31.300 10.000000 3.320445501
31.310 9.000000 3.162277660
31.320 6.000000 2.653724462
31.330 11.000000 3.460642701
31.340 6.000000 2.653724462
31.350 8.000000 3.001501126
31.360 10.000000 3.320445501
31.370 6.000000 2.653724462
31.380 12.000000 3.610790723
31.390 6.000000 2.653724462
31.400 9.000000 3.162277660
36.400 9.000000 1.759538358
36.410 7.330000 1.599232553
36.420 9.670000 1.828792390
36.430 9.000000 1.759538358
36.440 10.330000 1.889822365
36.450 7.670000 1.630820183
36.460 8.670000 1.730321351
36.470 8.000000 1.668986315
36.480 7.000000 1.559836538
36.490 7.330000 1.599232553
36.500 6.000000 1.449427589
36.510 7.330000 1.599232553
36.520 7.670000 1.630820183
36.530 6.330000 1.490711985
36.540 8.330000 1.700051002
36.550 6.000000 1.449427589
36.560 5.670000 1.409989919
36.570 7.330000 1.599232553
36.580 7.670000 1.630820183
36.590 7.670000 1.630820183
36.600 8.330000 1.700051002
36.610 7.330000 1.599232553
36.620 9.000000 1.759538358
36.630 8.330000 1.700051002
36.640 7.000000 1.559836538
36.650 9.000000 1.759538358
36.660 8.000000 1.668986315
36.670 6.330000 1.490711985
36.680 6.000000 1.449427589
36.690 6.670000 1.530333419
36.700 7.000000 1.559836538
36.710 10.330000 1.889822365
36.720 7.330000 1.599232553
36.730 7.330000 1.599232553
36.740 8.330000 1.700051002
36.750 10.000000 1.860163330
36.760 10.670000 1.910401800
36.770 4.670000 1.289919963
36.780 7.330000 1.599232553
36.790 6.670000 1.530333419
36.800 9.330000 1.798956907
36.810 9.670000 1.828792390
36.820 10.000000 1.860163330
36.830 7.000000 1.559836538
36.840 9.670000 1.828792390
36.850 9.670000 1.828792390
36.860 7.670000 1.630820183
36.870 8.330000 1.700051002
36.880 7.000000 1.559836538
36.890 10.330000 1.889822365
36.900 8.330000 1.700051002
36.910 8.330000 1.700051002
36.920 8.330000 1.700051002
36.930 10.330000 1.889822365
36.940 8.330000 1.700051002
36.950 6.000000 1.449427589
36.960 7.670000 1.630820183
36.970 9.330000 1.798956907
36.980 11.000000 1.938916836
36.990 7.000000 1.559836538
37.000 10.000000 1.860163330
37.010 10.330000 1.889822365
37.020 10.000000 1.860163330
37.030 12.000000 2.028602065
37.040 11.330000 1.968748077
37.050 11.330000 1.968748077
37.060 17.330000 2.432521277
37.070 13.670000 2.161688506
37.080 12.330000 2.049800154
37.090 16.670000 2.376913443
37.100 10.330000 1.889822365
37.110 19.670000 2.581988897
37.120 26.670000 3.001501126
37.130 19.670000 2.581988897
37.140 26.670000 3.001501126
37.150 26.330000 2.974820587
37.160 31.330000 3.249563369
37.170 33.330000 3.350126051
37.180 37.330000 3.539961627
37.190 33.000000 3.329635791
37.200 39.670000 3.649051826
37.210 38.000000 3.569153051
37.220 48.000000 4.009634699
37.230 51.330000 4.148699068
37.240 57.670000 4.397994971
37.250 65.330000 4.677802697
37.260 60.670000 4.508348173
37.270 75.330000 5.018856132
37.280 80.000000 5.170876900
37.290 94.670000 5.634361698
37.300 95.330000 5.652334189
37.310 118.670000 6.299407883
37.320 125.670000 6.482037236
37.330 132.330000 6.651901052
37.340 166.000000 7.453559925
37.350 206.670000 8.304547985
37.360 224.670000 8.671099695
37.370 272.670000 9.534625892
37.380 332.000000 10.529232879
37.390 422.000000 11.859467783
37.400 496.000000 12.856486931
37.410 626.000000 14.448815426
37.420 806.670000 16.395645895
37.430 1044.000000 18.666334824
37.440 1314.330000 20.942695415
37.450 1596.670000 23.063280201
37.460 1848.000000 24.845199750
37.470 1929.330000 25.400025400
37.480 1907.670000 25.237723256
37.490 1642.670000 23.376229111
37.500 1278.670000 20.628424925
37.510 979.670000 18.077538152
37.520 813.000000 16.462159944
37.530 764.330000 15.971914125
37.540 857.670000 16.903085095
37.550 1006.670000 18.318582636
37.560 1027.670000 18.505830255
37.570 1013.330000 18.380365552
37.580 877.330000 17.099639201
37.590 689.330000 15.161960872
37.600 492.000000 12.814195741
37.610 313.670000 10.227536872
37.620 199.670000 8.164965809
37.630 138.670000 6.804138174
37.640 118.330000 6.286946135
37.650 90.670000 5.513178464
37.660 81.670000 5.227083735
37.670 81.330000 5.219957510
37.680 75.330000 5.018856132
37.690 64.330000 4.642383454
37.700 55.330000 4.311306136
37.710 58.330000 4.419417382
37.720 56.000000 4.331480818
37.730 42.670000 3.790490218
37.740 40.330000 3.681050869
37.750 30.670000 3.210806495
37.760 37.670000 3.560094273
37.770 31.670000 3.270349701
37.780 34.330000 3.400102005
37.790 31.670000 3.270349701
37.800 29.000000 3.131121455
37.810 26.670000 3.001501126
37.820 21.330000 2.691909510
37.830 22.670000 2.773500981
37.840 21.000000 2.672612419
37.850 17.000000 2.397316507
37.860 14.000000 2.187393196
37.870 15.000000 2.258769757
37.880 16.670000 2.376913443
37.890 14.330000 2.208630521
37.900 11.670000 2.000000000
37.910 11.000000 1.938916836
37.920 14.670000 2.241679198
37.930 15.000000 2.258769757
37.940 11.000000 1.938916836
37.950 12.330000 2.049800154
37.960 14.670000 2.241679198
37.970 8.000000 1.668986315
37.980 12.330000 2.049800154
37.990 8.670000 1.730321351
38.000 7.670000 1.630820183
38.010 11.000000 1.938916836
38.020 11.670000 2.000000000
38.030 9.330000 1.798956907
38.040 12.330000 2.049800154
38.050 6.000000 1.449427589
38.060 9.670000 1.828792390
38.070 12.000000 2.028602065
38.080 8.670000 1.730321351
38.090 6.330000 1.490711985
38.100 7.330000 1.599232553
38.110 8.330000 1.700051002
38.120 9.670000 1.828792390
38.130 7.000000 1.559836538
38.140 9.330000 1.798956907
38.150 8.330000 1.700051002
38.160 9.670000 1.828792390
38.170 7.000000 1.559836538
38.180 11.330000 1.968748077
38.190 7.670000 1.630820183
38.200 9.000000 1.759538358
38.210 11.000000 1.938916836
38.220 7.330000 1.599232553
38.230 6.670000 1.530333419
38.240 8.670000 1.730321351
38.250 5.330000 1.369734503
38.260 6.670000 1.530333419
38.270 10.000000 1.860163330
38.280 8.330000 1.700051002
38.290 9.000000 1.759538358
38.300 8.330000 1.700051002
38.310 6.000000 1.449427589
38.320 8.330000 1.700051002
38.330 7.670000 1.630820183
38.340 7.330000 1.599232553
38.350 8.670000 1.730321351
38.360 5.670000 1.409989919
38.370 5.670000 1.409989919
38.380 8.670000 1.730321351
38.390 8.670000 1.730321351
38.400 6.000000 1.449427589
42.700 5.200000 1.039750490
42.710 4.200000 0.940720868
42.720 6.400000 1.150109266
42.730 6.000000 1.109741904
42.740 6.800000 1.180151541
42.750 6.800000 1.180151541
42.760 8.200000 1.299688112
42.770 7.200000 1.219875091
42.780 6.600000 1.169610643
42.790 6.000000 1.109741904
42.800 6.800000 1.180151541
42.810 8.200000 1.299688112
42.820 5.400000 1.059997880
42.830 7.000000 1.200384184
42.840 8.000000 1.280368799
42.850 6.600000 1.169610643
42.860 5.600000 1.080213471
42.870 5.000000 1.020089568
42.880 7.400000 1.229983457
42.890 8.400000 1.309681590
42.900 6.600000 1.169610643
42.910 6.400000 1.150109266
42.920 8.000000 1.280368799
42.930 5.200000 1.039750490
42.940 5.800000 1.100297120
42.950 6.400000 1.150109266
42.960 6.600000 1.169610643
42.970 7.800000 1.259881577
42.980 5.600000 1.080213471
42.990 7.000000 1.200384184
43.000 9.800000 1.409989919
43.010 6.600000 1.169610643
43.020 7.600000 1.250000000
43.030 5.000000 1.020089568
43.040 6.600000 1.169610643
43.050 6.400000 1.150109266
43.060 6.600000 1.169610643
43.070 8.000000 1.280368799
43.080 7.200000 1.219875091
43.090 8.800000 1.339900047
43.100 5.600000 1.080213471
43.110 10.800000 1.479251097
43.120 7.400000 1.229983457
43.130 7.600000 1.250000000
43.140 9.400000 1.389425036
43.150 8.400000 1.309681590
43.160 12.400000 1.589104315
43.170 11.600000 1.539372680
43.180 13.400000 1.650695502
43.190 12.200000 1.569412051
43.200 13.800000 1.668986315
43.210 15.400000 1.770535579
43.220 16.600000 1.828792390
43.230 19.800000 2.000000000
43.240 16.400000 1.819686313
43.250 22.200000 2.122381800
43.260 23.200000 2.161688506
43.270 24.600000 2.230498684
43.280 22.000000 2.108185107
43.290 23.400000 2.171861214
43.300 25.600000 2.270383046
43.310 30.400000 2.469323992
43.320 32.200000 2.548235957
43.330 37.800000 2.762894820
43.340 37.200000 2.731791824
43.350 41.800000 2.898855178
43.360 46.000000 3.042903097
43.370 43.400000 2.948839123
43.380 57.200000 3.390317518
43.390 64.400000 3.589790793
43.400 65.200000 3.620243071
43.410 77.600000 3.940552031
43.420 94.000000 4.339630366
43.430 112.600000 4.751143381
43.440 134.200000 5.177803731
43.450 164.400000 5.735393347
43.460 207.200000 6.441566264
43.470 265.600000 7.293249575
43.480 329.200000 8.111071057
43.490 448.600000 9.449111825
43.500 560.400000 10.588088747
43.510 736.400000 12.135707849
43.520 880.600000 13.268622311
43.530 1011.600000 14.227759831
43.540 1036.400000 14.403780048
43.550 929.400000 13.646235352
43.560 753.000000 12.272017342
43.570 585.200000 10.821091384
43.580 405.000000 9.016696347
43.590 325.200000 8.058229640
43.600 303.200000 7.784989442
43.610 327.000000 8.084520835
43.620 412.000000 9.090909091
43.630 457.200000 9.578262852
43.640 528.400000 10.281451514
43.650 539.800000 10.391889178
43.660 497.000000 9.950371902
43.670 404.400000 9.016696347
43.680 298.400000 7.738232325
43.690 207.800000 6.454972244
43.700 129.600000 5.103103631
43.710 78.600000 3.971507354
43.720 63.000000 3.560094273
43.730 55.400000 3.329635791
43.740 49.800000 3.162277660
43.750 45.800000 3.028912664
43.760 42.400000 2.923526731
43.770 37.600000 2.752409413
43.780 31.200000 2.507849313
43.790 28.800000 2.411214111
43.800 30.600000 2.476887023
43.810 30.600000 2.476887023
43.820 25.600000 2.270383046
43.830 19.800000 2.000000000
43.840 17.000000 1.850583025
43.850 18.800000 1.949943940
43.860 18.400000 1.931668523
43.870 17.400000 1.879778951
43.880 15.200000 1.748743542
43.890 14.800000 1.730321351
43.900 15.800000 1.790287185
43.910 11.800000 1.550434182
43.920 11.800000 1.550434182
43.930 12.200000 1.569412051
43.940 11.000000 1.500750563
43.950 8.800000 1.339900047
43.960 13.000000 1.620083923
43.970 9.000000 1.359569357
43.980 10.200000 1.440378005
43.990 12.000000 1.559836538
44.000 9.600000 1.400280084
44.010 11.400000 1.519693661
44.020 10.200000 1.440378005
44.030 7.200000 1.219875091
44.040 11.000000 1.500750563
44.050 8.200000 1.299688112
44.060 7.600000 1.250000000
44.070 7.800000 1.259881577
44.080 8.200000 1.299688112
44.090 9.400000 1.389425036
44.100 7.600000 1.250000000
44.110 8.600000 1.330380210
44.120 8.200000 1.299688112
44.130 7.200000 1.219875091
44.140 9.000000 1.359569357
44.150 8.200000 1.299688112
44.160 9.400000 1.389425036
44.170 6.400000 1.150109266
44.180 6.200000 1.130105839
44.190 8.000000 1.280368799
44.200 8.000000 1.280368799
44.210 8.000000 1.280368799
44.220 7.200000 1.219875091
44.230 5.800000 1.100297120
44.240 7.000000 1.200384184
44.250 8.000000 1.280368799
44.260 5.600000 1.080213471
44.270 6.600000 1.169610643
44.280 10.200000 1.440378005
44.290 9.400000 1.389425036
44.300 6.600000 1.169610643
44.310 7.000000 1.200384184
44.320 5.800000 1.100297120
44.330 7.200000 1.219875091
44.340 8.000000 1.280368799
44.350 6.600000 1.169610643
44.360 7.000000 1.200384184
44.370 6.000000 1.109741904
44.380 6.800000 1.180151541
44.390 6.800000 1.180151541
44.400 7.800000 1.259881577
48.000 9.000000 2.182178902
48.008 8.000000 2.058467424
48.016 8.500000 2.122381800
48.024 5.500000 1.730321351
48.032 5.500000 1.730321351
48.040 6.500000 1.869893980
48.048 6.500000 1.869893980
48.056 8.500000 2.122381800
48.064 4.000000 1.500750563
48.072 7.000000 1.938916836
48.080 7.000000 1.938916836
48.088 8.500000 2.122381800
48.096 3.000000 1.319909193
48.104 4.500000 1.579166105
48.112 6.000000 1.798956907
48.120 9.000000 2.182178902
48.128 7.500000 2.000000000
48.136 9.500000 2.241679198
48.144 5.500000 1.730321351
48.152 7.000000 1.938916836
48.160 3.500000 1.409989919
48.168 7.500000 2.000000000
48.176 8.500000 2.122381800
48.184 6.000000 1.798956907
48.192 9.000000 2.182178902
48.200 6.500000 1.869893980
48.208 6.500000 1.869893980
48.216 4.500000 1.579166105
48.224 11.000000 2.397316507
48.232 11.000000 2.397316507
48.240 8.000000 2.058467424
48.248 10.000000 2.288143810
48.256 6.000000 1.798956907
48.264 6.000000 1.798956907
48.272 7.000000 1.938916836
48.280 8.500000 2.122381800
48.288 11.500000 2.447043921
48.296 10.000000 2.288143810
48.304 7.500000 2.000000000
48.312 8.500000 2.122381800
48.320 8.500000 2.122381800
48.328 7.000000 1.938916836
48.336 11.000000 2.397316507
48.344 10.500000 2.350502474
48.352 4.000000 1.500750563
48.360 8.000000 2.058467424
48.368 7.000000 1.938916836
48.376 7.500000 2.000000000
48.384 6.500000 1.869893980
48.392 7.500000 2.000000000
48.400 8.500000 2.122381800
48.408 6.500000 1.869893980
48.416 8.000000 2.058467424
48.424 13.000000 2.599376225
48.432 7.500000 2.000000000
48.440 9.500000 2.241679198
48.448 8.500000 2.122381800
48.456 11.500000 2.447043921
48.464 7.000000 1.938916836
48.472 8.000000 2.058467424
48.480 13.500000 2.653724462
48.488 12.000000 2.500000000
48.496 9.500000 2.241679198
48.504 10.000000 2.288143810
48.512 8.500000 2.122381800
48.520 10.500000 2.350502474
48.528 11.000000 2.397316507
48.536 11.500000 2.447043921
48.544 11.000000 2.397316507
48.552 13.500000 2.653724462
48.560 10.500000 2.350502474
48.568 9.500000 2.241679198
48.576 18.500000 3.086066999
48.584 17.000000 2.961744389
48.592 14.000000 2.691909510
48.600 14.000000 2.691909510
48.608 15.500000 2.828427125
48.616 21.000000 3.279129179
48.624 18.500000 3.086066999
48.632 17.500000 3.001501126
48.640 24.000000 3.500700210
48.648 16.000000 2.874797873
48.656 21.000000 3.279129179
48.664 28.000000 3.768891807
48.672 23.500000 3.460642701
48.680 24.500000 3.539961627
48.688 33.000000 4.089304101
48.696 33.000000 4.089304101
48.704 33.000000 4.089304101
48.712 41.500000 4.578685465
48.720 47.000000 4.867923835
48.728 47.000000 4.867923835
48.736 57.000000 5.360562674
48.744 47.000000 4.867923835
48.752 60.500000 5.521576304
48.760 60.500000 5.521576304
48.768 54.000000 5.219957510
48.776 59.500000 5.479966244
48.784 68.500000 5.872202195
48.792 75.500000 6.154574549
48.800 67.000000 5.812381937
48.808 70.000000 5.944382983
48.816 72.000000 6.019292654
48.824 79.500000 6.324555320
48.832 96.000000 6.950480469
48.840 90.500000 6.757373784
48.848 119.500000 7.761505257
48.856 133.000000 8.164965809
48.864 136.500000 8.276058886
48.872 172.500000 9.284766909
48.880 206.000000 10.158699445
48.888 243.000000 11.029709933
48.896 286.000000 11.969397464
48.904 351.000000 13.256957586
48.912 427.000000 14.617633655
48.920 546.500000 16.529490123
48.928 628.000000 17.733172553
48.936 788.000000 19.841894753
48.944 972.000000 22.032632462
48.952 1246.000000 24.922239314
48.960 1518.000000 27.524094128
48.968 1785.500000 29.880715233
48.976 2092.000000 32.342311368
48.984 2161.500000 32.879797461
48.992 2193.500000 33.113308927
49.000 2039.000000 31.927542841
49.008 1746.000000 29.488391231
49.016 1463.500000 27.017161348
49.024 1088.000000 23.312620206
49.032 798.500000 20.000000000
49.040 623.000000 17.650112740
49.048 512.500000 16.012815381
49.056 531.500000 16.308201826
49.064 563.000000 16.783627166
49.072 634.000000 17.817416127
49.080 723.500000 19.034674691
49.088 848.000000 20.584674240
49.096 994.000000 22.304986837
49.104 1143.500000 23.904572187
49.112 1216.500000 24.693239916
49.120 1159.000000 24.112141109
49.128 1085.500000 23.312620206
49.136 942.000000 21.718612138
49.144 757.000000 19.462473604
49.152 571.000000 16.903085095
49.160 403.500000 14.213381090
49.168 292.500000 12.100119187
49.176 206.000000 10.158699445
49.184 176.500000 9.407208684
49.192 133.000000 8.164965809
49.200 128.500000 8.032193289
49.208 110.500000 7.453559925
49.216 103.000000 7.198157507
49.224 88.500000 6.666666667
49.232 69.000000 5.892556510
49.240 70.000000 5.944382983
49.248 58.500000 5.431254466
49.256 66.000000 5.773502692
49.264 57.000000 5.360562674
49.272 45.500000 4.800153607
49.280 49.000000 4.969039950
49.288 41.000000 4.559607526
49.296 34.000000 4.148699068
49.304 47.500000 4.902903378
49.312 38.000000 4.389512813
49.320 38.500000 4.419417382
49.328 34.500000 4.181210050
49.336 30.000000 3.910309435
49.344 35.500000 4.240944648
49.352 27.500000 3.739787960
49.360 23.500000 3.460642701
49.368 25.000000 3.569153051
49.376 17.000000 2.961744389
49.384 20.000000 3.199283441
49.392 20.500000 3.239317742
49.400 19.000000 3.115884764
49.408 15.500000 2.828427125
49.416 22.500000 3.390317518
49.424 16.000000 2.874797873
49.432 16.000000 2.874797873
49.440 16.000000 2.874797873
49.448 18.500000 3.086066999
49.456 11.000000 2.397316507
49.464 14.500000 2.742042486
49.472 16.000000 2.874797873
49.480 18.500000 3.086066999
49.488 9.500000 2.241679198
49.496 10.000000 2.288143810
49.504 12.000000 2.500000000
49.512 13.000000 2.599376225
49.520 13.500000 2.653724462
49.528 14.000000 2.691909510
49.536 9.000000 2.182178902
49.544 11.500000 2.447043921
49.552 16.000000 2.874797873
49.560 15.500000 2.828427125
49.568 11.500000 2.447043921
49.576 11.000000 2.397316507
49.584 8.500000 2.122381800
49.592 9.000000 2.182178902
49.600 10.500000 2.350502474
49.608 9.500000 2.241679198
49.616 11.500000 2.447043921
49.624 13.000000 2.599376225
49.632 15.000000 2.784230232
49.640 12.500000 2.548235957
49.648 12.000000 2.500000000
49.656 8.000000 2.058467424
49.664 12.500000 2.548235957
49.672 5.500000 1.730321351
49.680 11.500000 2.447043921
49.688 8.000000 2.058467424
49.696 9.500000 2.241679198
49.704 8.000000 2.058467424
49.712 11.000000 2.397316507
49.720 6.500000 1.869893980
49.728 9.500000 2.241679198
49.736 8.000000 2.058467424
49.744 7.000000 1.938916836
49.752 8.500000 2.122381800
49.760 10.500000 2.350502474
49.768 9.000000 2.182178902
49.776 7.000000 1.938916836
49.784 8.500000 2.122381800
49.792 11.500000 2.447043921
49.800 6.500000 1.869893980
49.808 7.500000 2.000000000
49.816 3.500000 1.409989919
49.824 6.500000 1.869893980
49.832 8.000000 2.058467424
49.840 10.500000 2.350502474
49.848 8.000000 2.058467424
49.856 9.500000 2.241679198
49.864 4.500000 1.579166105
49.872 8.000000 2.058467424
49.880 8.500000 2.122381800
49.888 8.000000 2.058467424
49.896 8.500000 2.122381800
49.904 11.000000 2.397316507
49.912 7.500000 2.000000000
49.920 7.000000 1.938916836
49.928 6.000000 1.798956907
49.936 8.500000 2.122381800
49.944 7.000000 1.938916836
49.952 10.000000 2.288143810
49.960 10.000000 2.288143810
49.968 8.000000 2.058467424
49.976 6.000000 1.798956907
49.984 7.000000 1.938916836
49.992 5.500000 1.730321351
50.000 8.500000 2.122381800

