# Synthetic illustrative background for the artifact tutorial.
# This is not measured reference data. Columns: 2theta(deg), intensity, sigma.
10.0 0.0240 0.0020
14.0 0.0270 0.0020
18.0 0.0330 0.0022
22.0 0.0410 0.0023
26.0 0.0440 0.0023
30.0 0.0390 0.0022
34.0 0.0320 0.0021
38.0 0.0280 0.0020
42.0 0.0270 0.0020
46.0 0.0290 0.0020
50.0 0.0330 0.0021
54.0 0.0370 0.0022
58.0 0.0390 0.0022
62.0 0.0370 0.0022
66.0 0.0330 0.0021
70.0 0.0290 0.0020
74.0 0.0260 0.0020
78.0 0.0240 0.0020
80.0 0.0230 0.0020
